0 0.5057321521625847 0.1746987951807229 0.06409588327253778 0.10843373493975904
4 0.48097967691505994 0.13113994439295645 0.012506513809275664 0.019462465245597776
4 0.4958311620635748 0.13206672845227063 0.015112037519541427 0.021316033364226137
4 0.5114643043251693 0.1334569045412419 0.01615424700364773 0.022242817423540315
4 0.5270974465867639 0.13206672845227063 0.01615424700364773 0.026876737720111215
4 0.48097967691505994 0.1519925857275255 0.015633142261594582 0.024096385542168676
4 0.4973944762897342 0.1524559777571826 0.015112037519541427 0.023169601482854494
4 0.5119854090672226 0.1561631139944393 0.017196456487754037 0.026876737720111215
4 0.5281396560708702 0.15384615384615385 0.015112037519541427 0.029657089898053754
4 0.5046899426784783 0.18582020389249304 0.05680041688379364 0.023169601482854494
4 0.5044293903074518 0.21362372567191845 0.055237102657634186 0.019462465245597776
