0 0.19326923076923078 0.21850961538461539 0.16025641025641027 0.3543269230769231
4 0.15528846153846154 0.05625 0.07403846153846154 0.025961538461538463
4 0.15544871794871795 0.08100961538461539 0.07756410256410257 0.020673076923076922
4 0.15144230769230768 0.10144230769230769 0.06955128205128205 0.02403846153846154
4 0.14358974358974358 0.121875 0.052564102564102565 0.020673076923076922
4 0.1576923076923077 0.14134615384615384 0.08205128205128205 0.021153846153846155
4 0.152724358974359 0.16153846153846155 0.07467948717948718 0.022115384615384617
4 0.152724358974359 0.18389423076923078 0.07467948717948718 0.026442307692307692
4 0.14583333333333334 0.20721153846153847 0.06025641025641026 0.02403846153846154
4 0.1501602564102564 0.22860576923076922 0.07147435897435897 0.01971153846153846
4 0.15865384615384615 0.2485576923076923 0.08974358974358974 0.021153846153846155
4 0.15256410256410258 0.2701923076923077 0.07628205128205129 0.023076923076923078
4 0.18092948717948718 0.2935096153846154 0.1330128205128205 0.023557692307692307
4 0.1576923076923077 0.3137019230769231 0.08397435897435897 0.021634615384615384
4 0.15224358974358973 0.33629807692307695 0.07692307692307693 0.020673076923076922
7 0.15544871794871795 0.3564903846153846 0.08012820512820513 0.016826923076923076
4 0.16458333333333333 0.3769230769230769 0.09647435897435898 0.026923076923076925
1 0.19503205128205128 0.058173076923076925 0.15929487179487178 0.03173076923076923
1 0.19278846153846155 0.12211538461538461 0.15865384615384615 0.10961538461538461
1 0.19375 0.18653846153846154 0.15865384615384615 0.026923076923076925
1 0.19326923076923078 0.24951923076923077 0.15897435897435896 0.11057692307692307
1 0.19326923076923078 0.3346153846153846 0.1596153846153846 0.06923076923076923
1 0.19375 0.37764423076923076 0.15993589743589742 0.029326923076923077
