0 0.5001602564102564 0.47716346153846156 0.5310897435897436 0.666826923076923
1 0.5 0.16682692307692307 0.5275641025641026 0.041346153846153845
1 0.4987179487179487 0.49206730769230766 0.5275641025641026 0.6264423076923077
4 0.2644230769230769 0.22692307692307692 0.03012820512820513 0.022115384615384617
4 0.27676282051282053 0.24591346153846153 0.055448717948717946 0.017788461538461538
4 0.26137820512820514 0.2658653846153846 0.022115384615384617 0.019230769230769232
4 0.26009615384615387 0.2846153846153846 0.01826923076923077 0.019230769230769232
4 0.27275641025641023 0.3021634615384615 0.05 0.017788461538461538
4 0.2676282051282051 0.3211538461538462 0.03717948717948718 0.014423076923076924
4 0.2706730769230769 0.3389423076923077 0.046474358974358976 0.015384615384615385
4 0.26121794871794873 0.3581730769230769 0.02435897435897436 0.01730769230769231
4 0.2605769230769231 0.378125 0.019230769230769232 0.01971153846153846
4 0.2602564102564103 0.396875 0.020512820512820513 0.012980769230769231
4 0.2641025641025641 0.41586538461538464 0.029487179487179487 0.01730769230769231
4 0.2607371794871795 0.4346153846153846 0.020833333333333332 0.019230769230769232
4 0.2592948717948718 0.4528846153846154 0.01987179487179487 0.015384615384615385
4 0.2607371794871795 0.47115384615384615 0.021474358974358974 0.01826923076923077
7 0.5424679487179487 0.27307692307692305 0.13557692307692307 0.03173076923076923
4 0.674198717948718 0.7766826923076923 0.055448717948717946 0.03317307692307692
4 0.7277243589743589 0.7774038461538462 0.055448717948717946 0.03653846153846154
4 0.25400641025641024 0.7790865384615384 0.01826923076923077 0.03028846153846154
8 0.4354166666666667 0.3036057692307692 0.09519230769230769 0.020673076923076922
4 0.6764423076923077 0.19759615384615384 0.01891025641025641 0.026923076923076925
4 0.6942307692307692 0.19591346153846154 0.016666666666666666 0.027403846153846154
4 0.7102564102564103 0.19759615384615384 0.015384615384615385 0.02403846153846154
4 0.7274038461538461 0.1987980769230769 0.014423076923076924 0.023557692307692307
4 0.7456730769230769 0.20024038461538463 0.020192307692307693 0.03125
7 0.6596153846153846 0.19759615384615384 0.014743589743589743 0.026923076923076925
4 0.7474358974358974 0.16274038461538462 0.016025641025641024 0.021634615384615384
4 0.44519230769230766 0.3661057692307692 0.03012820512820513 0.028365384615384615
4 0.4657051282051282 0.3591346153846154 0.01217948717948718 0.014423076923076924
4 0.46618589743589745 0.3716346153846154 0.01826923076923077 0.0125
2 0.30464743589743587 0.48509615384615384 0.1189102564102564 0.5423076923076923
2 0.5613782051282051 0.48533653846153846 0.3894230769230769 0.5485576923076924
