8 0.6905448717948718 0.29471153846153847 0.029166666666666667 0.027884615384615386
8 0.6905448717948718 0.3420673076923077 0.030448717948717948 0.026442307692307692
8 0.6908653846153846 0.390625 0.02980769230769231 0.02548076923076923
8 0.6927884615384615 0.43846153846153846 0.03493589743589744 0.028846153846153848
8 0.6913461538461538 0.48677884615384615 0.03076923076923077 0.02548076923076923
8 0.6905448717948718 0.5355769230769231 0.030448717948717948 0.026923076923076925
8 0.6907051282051282 0.5889423076923077 0.03205128205128205 0.026923076923076925
8 0.6905448717948718 0.6411057692307692 0.029166666666666667 0.02451923076923077
4 0.6892628205128205 0.6884615384615385 0.040705128205128206 0.028846153846153848
0 0.5801282051282052 0.5146634615384615 0.28846153846153844 0.6129807692307693
