0 0.4194893173527879 0.494902687673772 0.2324127149557061 0.5041705282669138
1 0.4194893173527879 0.3438368860055607 0.22407503908285564 0.0871177015755329
1 0.4179260031266285 0.4397590361445783 0.22199062011464304 0.0917516218721038
1 0.4192287649817613 0.6056533827618165 0.22772277227722773 0.24003707136237257
8 0.400990099009901 0.3341056533827618 0.05680041688379364 0.028730305838739572
8 0.36816050026055236 0.371177015755329 0.11307972902553413 0.028730305838739572
8 0.3577384054194893 0.43327154772937904 0.0891089108910891 0.021316033364226137
8 0.3590411672746222 0.4578313253012048 0.09275664408546118 0.033364226135310475
8 0.3824908806670141 0.5546802594995366 0.1354872329338197 0.025023169601482854
8 0.49973944762897343 0.5213160333642262 0.03230849400729546 0.023169601482854494
