0 0.4992183428869203 0.09082483781278962 0.9963522668056279 0.05931417979610751
7 0.02344971339239187 0.07506950880444857 0.03647733194372069 0.029657089898053754
7 0.023970818134445022 0.10240963855421686 0.034392912975508075 0.026876737720111215
4 0.0706096925482022 0.08897126969416126 0.03595622720166754 0.04819277108433735
4 0.10969254820218864 0.09082483781278962 0.03491401771756123 0.042632066728452274
4 0.1464304325169359 0.08943466172381835 0.030224075039082855 0.047265987025023166
4 0.18316831683168316 0.09036144578313253 0.0297029702970297 0.04355885078776645
4 0.22746221990620114 0.0917516218721038 0.03178738926524231 0.04819277108433735
4 0.2628973423658155 0.08943466172381835 0.03491401771756123 0.04541241890639481
4 0.3129233976029182 0.08989805375347544 0.03595622720166754 0.04819277108433735
4 0.3543512245961438 0.08989805375347544 0.034392912975508075 0.04819277108433735
4 0.39082855653986454 0.08943466172381835 0.030224075039082855 0.047265987025023166
4 0.43434080250130275 0.09128822984244671 0.03178738926524231 0.04911955514365153
4 0.4723814486711829 0.08850787766450417 0.033871808233454925 0.047265987025023166
4 0.5195414278269932 0.08943466172381835 0.034392912975508075 0.04911955514365153
4 0.5622720166753518 0.0917516218721038 0.04273058884835852 0.05004633920296571
4 0.6047420531526837 0.0917516218721038 0.026576341844710787 0.04819277108433735
4 0.6362688900468995 0.09082483781278962 0.02501302761855133 0.04819277108433735
4 0.6680562793121417 0.08943466172381835 0.02709744658676394 0.047265987025023166
7 0.7003647733194373 0.08850787766450417 0.02918186555497655 0.04911955514365153
