4 0.9777243589743589 0.06322115384615384 0.029166666666666667 0.04567307692307692
4 0.8052884615384616 0.9103365384615385 0.0266025641025641 0.04375
4 0.8358974358974359 0.909375 0.029487179487179487 0.04567307692307692
4 0.867948717948718 0.9081730769230769 0.029487179487179487 0.04807692307692308
4 0.8987179487179487 0.9100961538461538 0.03205128205128205 0.04903846153846154
4 0.3123397435897436 0.9110576923076923 0.020833333333333332 0.03653846153846154
4 0.9128205128205128 0.06274038461538461 0.029487179487179487 0.046634615384615385
4 0.94375 0.06322115384615384 0.028525641025641025 0.041826923076923074
0 0.6033653846153846 0.4896634615384615 0.7932692307692307 0.9350961538461539
1 0.6033653846153846 0.0673076923076923 0.7932692307692307 0.08846153846153847
1 0.6033653846153846 0.4810096153846154 0.7932692307692307 0.7572115384615384
1 0.6028846153846154 0.9060096153846153 0.7942307692307692 0.10721153846153846
