0 0.5010422094841063 0.5032437442075997 0.5091193329859302 0.5115848007414272
4 0.2876498176133403 0.293790546802595 0.05106826472120896 0.07228915662650602
4 0.32803543512245964 0.29564411492122333 0.0297029702970297 0.06302131603336422
4 0.36868160500260555 0.29703429101019463 0.027618551328817093 0.0639481000926784
4 0.4116727462219906 0.29564411492122333 0.02918186555497655 0.06487488415199258
4 0.453882230328296 0.29610750695088045 0.030224075039082855 0.060240963855421686
4 0.49609171443460137 0.2979610750695088 0.030224075039082855 0.06580166821130677
4 0.5364773319437207 0.29610750695088045 0.027618551328817093 0.06209453197405004
4 0.5794684731631058 0.29240037071362374 0.02709744658676394 0.06765523632993513
4 0.65372589890568 0.3076923076923077 0.05263157894736842 0.033364226135310475
7 0.7094841063053674 0.3063021316033364 0.04950495049504951 0.030583873957367932
4 0.5005211047420531 0.5037071362372567 0.4726420010422095 0.3160333642261353
8 0.31761334028139654 0.7219647822057461 0.04325169359041167 0.024096385542168676
8 0.3600833767587285 0.7228915662650602 0.03543512245961438 0.025949953660797033
7 0.43746743095362167 0.7242817423540315 0.11829077644606566 0.03243744207599629
4 0.6849921834288693 0.6974050046339203 0.10057321521625846 0.05468025949953661
