0 0.5755601875977071 0.5254865616311399 0.8124022928608651 0.8174235403151066
4 0.8509640437727983 0.417516218721038 0.24075039082855654 0.04911955514365153
4 0.8514851485148515 0.4652455977757183 0.24179260031266284 0.04448563484708063
4 0.8533090151120375 0.5176088971269694 0.2433559145388223 0.060240963855421686
4 0.8525273579989577 0.5750695088044485 0.24908806670140698 0.05097312326227989
4 0.8527879103699844 0.6311399443929564 0.25065138092756645 0.06672845227062095
4 0.8522668056279312 0.8572752548656163 0.24544033350703492 0.11862835959221502
4 0.9700364773319438 0.19555143651529194 0.01615424700364773 0.022242817423540315
4 0.9663887441375717 0.1459684893419833 0.01615424700364773 0.023169601482854494
8 0.9030745179781136 0.1969416126042632 0.018759770713913496 0.04170528266913809
8 0.9233976029181865 0.1936978683966636 0.023970818134445022 0.04077849860982391
1 0.44319958311620633 0.5185356811862836 0.5508077123501823 0.809082483781279
1 0.8496612819176654 0.5217794253938832 0.2631578947368421 0.8155699721964782
