0 0.5367378843147472 0.4976830398517145 0.26159458051068263 0.40963855421686746
4 0.6307972902553414 0.6672845227062094 0.053673788431474724 0.03521779425393883
4 0.6263678999478896 0.44810009267840595 0.055237102657634186 0.03243744207599629
4 0.47368421052631576 0.44670991658943465 0.05211047420531527 0.033364226135310475
8 0.4512767066180302 0.33642261353104724 0.0760812923397603 0.029657089898053754
8 0.4528400208441897 0.3632993512511585 0.0771235018238666 0.020389249304911955
8 0.47550807712350185 0.38785912882298423 0.13288170922355394 0.026876737720111215
8 0.42365815528921313 0.510194624652456 0.01771756122980719 0.021316033364226137
8 0.42365815528921313 0.5704355885078777 0.011464304325169358 0.028730305838739572
8 0.4611776967170401 0.572289156626506 0.011464304325169358 0.03429101019462465
1 0.5362167795726941 0.3456904541241891 0.26263678999478896 0.10936051899907322
1 0.5354351224596143 0.43697868396663575 0.26003126628452317 0.07136237256719184
1 0.5367378843147472 0.5023169601482854 0.26159458051068263 0.057460611677479144
1 0.5385617509119333 0.6172381835032438 0.26003126628452317 0.1686746987951807
7 0.460656591974987 0.6677479147358666 0.0781657113079729 0.03985171455050973
