0 0.4187076602397082 0.49675625579240035 0.22980719124544033 0.5078776645041705
1 0.4200104220948411 0.37256719184430026 0.22615945805106827 0.1519925857275255
1 0.42027097446586764 0.5746061167747915 0.2266805627931214 0.24096385542168675
8 0.3676393955184992 0.3313253012048193 0.11099531005732152 0.025023169601482854
8 0.36868160500260555 0.35959221501390176 0.11620635747785305 0.03151065801668211
8 0.3819697759249609 0.3887859128822984 0.14590932777488275 0.030583873957367932
8 0.37727983324648257 0.41566265060240964 0.13861386138613863 0.026876737720111215
8 0.3611255862428348 0.49351251158480075 0.10213652944241793 0.028730305838739572
8 0.3645127670661803 0.5203892493049119 0.07868681605002606 0.030583873957367932
8 0.36607608129233976 0.5486561631139945 0.07972902553413236 0.029657089898053754
8 0.3738926524231371 0.5829471733086191 0.12871287128712872 0.020389249304911955
8 0.39473684210526316 0.607970342910102 0.17352787910369985 0.03151065801668211
8 0.38014590932777487 0.6362372567191844 0.14434601354872328 0.026876737720111215
8 0.35956227201667534 0.6626506024096386 0.10422094841063054 0.025949953660797033
