0 0.502724358974359 0.4778846153846154 0.15096153846153845 0.20673076923076922
1 0.5006410256410256 0.39615384615384613 0.14038461538461539 0.035576923076923075
1 0.5012820512820513 0.49423076923076925 0.14294871794871794 0.16826923076923078
4 0.44583333333333336 0.5495192307692308 0.019230769230769232 0.03173076923076923
4 0.48125 0.55 0.05416666666666667 0.032692307692307694
4 0.5355769230769231 0.5485576923076924 0.05576923076923077 0.03365384615384615
4 0.533974358974359 0.4288461538461538 0.05512820512820513 0.028846153846153848
4 0.5342948717948718 0.4548076923076923 0.05448717948717949 0.025961538461538463
4 0.534775641025641 0.48173076923076924 0.05480769230769231 0.025961538461538463
4 0.533974358974359 0.5076923076923077 0.05512820512820513 0.025961538461538463
4 0.5548076923076923 0.39326923076923076 0.01282051282051282 0.016346153846153847
