0 0.5001602564102564 0.4911057692307692 0.4009615384615385 0.49182692307692305
1 0.5003205128205128 0.2644230769230769 0.3974358974358974 0.038461538461538464
1 0.4998397435897436 0.48341346153846154 0.39839743589743587 0.4081730769230769
1 0.5001602564102564 0.7086538461538462 0.39903846153846156 0.05096153846153846
8 0.35128205128205126 0.4862980769230769 0.05384615384615385 0.020673076923076922
8 0.3487179487179487 0.5057692307692307 0.051923076923076926 0.019230769230769232
8 0.40560897435897436 0.4841346153846154 0.03942307692307692 0.025
7 0.34310897435897436 0.5252403846153846 0.04326923076923077 0.01971153846153846
7 0.4323717948717949 0.5043269230769231 0.05128205128205128 0.019230769230769232
7 0.4269230769230769 0.5259615384615385 0.08076923076923077 0.03173076923076923
7 0.4270833333333333 0.5545673076923077 0.0842948717948718 0.028365384615384615
8 0.5230769230769231 0.5841346153846154 0.0673076923076923 0.026923076923076925
7 0.6014423076923077 0.5807692307692308 0.07019230769230769 0.03173076923076923
4 0.6147435897435898 0.6240384615384615 0.0673076923076923 0.03365384615384615
8 0.5645833333333333 0.41754807692307694 0.06506410256410257 0.020673076923076922
7 0.5881410256410257 0.4403846153846154 0.1141025641025641 0.03173076923076923
4 0.3176282051282051 0.708173076923077 0.019230769230769232 0.032692307692307694
4 0.36185897435897435 0.7069711538461538 0.06923076923076923 0.03125
4 0.40512820512820513 0.7079326923076923 0.016666666666666666 0.03028846153846154
4 0.5548076923076923 0.7076923076923077 0.05384615384615385 0.032692307692307694
4 0.607852564102564 0.7072115384615385 0.05416666666666667 0.03173076923076923
7 0.6613782051282051 0.7076923076923077 0.05480769230769231 0.032692307692307694
8 0.4326923076923077 0.296875 0.24423076923076922 0.028365384615384615
2 0.4841346153846154 0.39278846153846153 0.33365384615384613 0.13942307692307693
2 0.3958333333333333 0.5305288461538461 0.15833333333333333 0.1360576923076923
2 0.5703525641025641 0.5163461538461539 0.1580128205128205 0.10961538461538461
4 0.4735576923076923 0.6257211538461539 0.19583333333333333 0.028365384615384615
7 0.5958333333333333 0.5326923076923077 0.03782051282051282 0.022115384615384617
4 0.604326923076923 0.48846153846153845 0.05416666666666667 0.026923076923076925
7 0.5605769230769231 0.3764423076923077 0.05128205128205128 0.019230769230769232
4 0.5439102564102564 0.34951923076923075 0.014102564102564103 0.022115384615384617
4 0.45384615384615384 0.3502403846153846 0.16282051282051282 0.028365384615384615
4 0.45368589743589743 0.37740384615384615 0.1625 0.026923076923076925
4 0.6830128205128205 0.26346153846153847 0.013461538461538462 0.01826923076923077
