0 0.5002605523710266 0.5032437442075997 0.5096404377279833 0.5115848007414272
1 0.5002605523710266 0.2896200185356812 0.5096404377279833 0.08804448563484708
1 0.49947889525794686 0.494902687673772 0.5070349140177176 0.31881371640407785
1 0.5007816571130798 0.7099165894346617 0.5096404377279833 0.10750695088044486
4 0.28791036998436687 0.29981464318813716 0.04637832204273059 0.07506950880444857
4 0.32751433038040645 0.2979610750695088 0.03178738926524231 0.06209453197405004
4 0.6524231370505471 0.30676552363299353 0.05211047420531527 0.029657089898053754
7 0.708441896821261 0.30444856348470806 0.05471599791558103 0.026876737720111215
4 0.5002605523710266 0.4990732159406858 0.47107868681605003 0.3049119555143652
8 0.3131839499739448 0.6890639481000926 0.030224075039082855 0.025023169601482854
8 0.39369463262115684 0.6890639481000926 0.02553413236060448 0.025023169601482854
8 0.4239187076602397 0.6886005560704356 0.0297029702970297 0.024096385542168676
8 0.31683168316831684 0.7215013901760889 0.03647733194372069 0.025023169601482854
8 0.3598228243877019 0.7219647822057461 0.030745179781136008 0.022242817423540315
7 0.43772798332464824 0.7205746061167748 0.1146430432516936 0.025023169601482854
4 0.6857738405419489 0.6983317886932344 0.10005211047420531 0.056533827618164965
