0 0.5007816571130798 0.4819277108433735 0.334549244398124 0.44300278035217794
1 0.5005211047420531 0.2794253938832252 0.33402813965607087 0.03614457831325301
1 0.3692027097446587 0.4976830398517145 0.07451797811360084 0.40593141797961074
1 0.5385617509119333 0.4995366079703429 0.2631578947368421 0.40593141797961074
4 0.37024491922876496 0.31417979610750696 0.07451797811360084 0.033364226135310475
4 0.3712871287128713 0.3489341983317887 0.07556018759770713 0.03614457831325301
4 0.3699843668577384 0.38229842446709916 0.07295466388744137 0.03429101019462465
4 0.3712871287128713 0.417516218721038 0.07451797811360084 0.03429101019462465
4 0.3689421573736321 0.4569045412418906 0.07503908285565399 0.04077849860982391
4 0.658676393955185 0.2752548656163114 0.014590932777488274 0.022242817423540315
8 0.46560708702449194 0.3373493975903614 0.11412193850964043 0.029657089898053754
8 0.4666492965085982 0.38368860055607046 0.11516414799374675 0.027803521779425393
8 0.4682126107347577 0.4087117701575533 0.11516414799374675 0.020389249304911955
8 0.4585721730067744 0.4666357738646895 0.08963001563314227 0.028730305838739572
8 0.4572694111516415 0.48841519925857274 0.09119332985930172 0.024096385542168676
8 0.4559666492965086 0.5115848007414272 0.08963001563314227 0.024096385542168676
8 0.4585721730067744 0.5393883225208527 0.09484106305367379 0.024096385542168676
4 0.6307972902553414 0.6668211306765524 0.053673788431474724 0.03429101019462465
