0 0.5153846153846153 0.46826923076923077 0.3801282051282051 0.5365384615384615
1 0.5149038461538461 0.21177884615384615 0.38044871794871793 0.023557692307692307
1 0.5153846153846153 0.7096153846153846 0.3814102564102564 0.052884615384615384
8 0.6559294871794872 0.3350961538461538 0.02980769230769231 0.028846153846153848
8 0.6559294871794872 0.38245192307692305 0.02980769230769231 0.029326923076923077
8 0.6556089743589744 0.42956730769230766 0.030448717948717948 0.027403846153846154
8 0.6551282051282051 0.4774038461538462 0.032692307692307694 0.02980769230769231
8 0.6551282051282051 0.5228365384615384 0.03141025641025641 0.028365384615384615
2 0.5149038461538461 0.40048076923076925 0.38044871794871793 0.3557692307692308
2 0.5153846153846153 0.6298076923076923 0.38269230769230766 0.1125
4 0.41025641025641024 0.2980769230769231 0.12628205128205128 0.01826923076923077
4 0.42948717948717946 0.7079326923076923 0.16666666666666666 0.03221153846153846
7 0.6075320512820512 0.708173076923077 0.1657051282051282 0.02980769230769231
4 0.6950320512820513 0.2125 0.013782051282051282 0.020192307692307693
1 0.5150641025641025 0.45360576923076923 0.382051282051282 0.4620192307692308
4 0.639102564102564 0.628125 0.08461538461538462 0.029326923076923077
