0 0.5020833333333333 0.49038461538461536 0.3246794871794872 0.5961538461538461
1 0.500801282051282 0.23317307692307693 0.31314102564102564 0.07403846153846154
1 0.4996794871794872 0.2875 0.3153846153846154 0.06923076923076923
1 0.5 0.5466346153846153 0.31346153846153846 0.46923076923076923
4 0.3658653846153846 0.23149038461538463 0.023397435897435898 0.02548076923076923
4 0.6229166666666667 0.22884615384615384 0.03942307692307692 0.035576923076923075
4 0.6379807692307692 0.28701923076923075 0.016346153846153847 0.027884615384615386
4 0.3836538461538462 0.33197115384615383 0.019230769230769232 0.027403846153846154
8 0.6333333333333333 0.4617788461538462 0.02435897435897436 0.03990384615384615
8 0.6346153846153846 0.515625 0.026923076923076925 0.03221153846153846
8 0.6330128205128205 0.5701923076923077 0.025 0.03653846153846154
8 0.6330128205128205 0.6252403846153847 0.025 0.03317307692307692
8 0.6325320512820513 0.6790865384615384 0.021474358974358974 0.03413461538461538
8 0.6331730769230769 0.7322115384615384 0.022756410256410255 0.028846153846153848
