0 0.9327774882751433 0.46107506950880445 0.1344450234497134 0.8721037998146431
4 0.8892652423137051 0.04309545875810936 0.04429390307451798 0.03429101019462465
4 0.9330380406461699 0.04031510658016682 0.04429390307451798 0.03429101019462465
4 0.9783741532047942 0.04170528266913809 0.04325169359041167 0.033364226135310475
7 0.8913496612819176 0.07136237256719184 0.047420531526836895 0.03151065801668211
7 0.9398124022928609 0.07136237256719184 0.0484627410109432 0.03521779425393883
4 0.9872329338196978 0.07043558850787766 0.02553413236060448 0.03151065801668211
4 0.9291297550807712 0.46570898980537534 0.08025013027618551 0.04541241890639481
1 0.9327774882751433 0.05143651529193698 0.1344450234497134 0.06765523632993513
1 0.9314747264200104 0.48980537534754404 0.13392391870766024 0.8053753475440223
