0 0.5007816571130798 0.479610750695088 0.583637311099531 0.6515291936978684
1 0.279833246482543 0.463855421686747 0.12923397602918185 0.5440222428174235
1 0.4458051068264721 0.4633920296570899 0.19749869723814487 0.5449490268767377
1 0.664147993746743 0.463855421686747 0.23814486711829078 0.5458758109360519
1 0.5002605523710266 0.7650602409638554 0.570088587806149 0.056533827618164965
2 0.4478895257946847 0.23957367933271548 0.19228764981761334 0.08989805375347544
2 0.4481500781657113 0.3577386468952734 0.19176654507556018 0.12048192771084337
2 0.4478895257946847 0.4990732159406858 0.19124544033350704 0.13994439295644115
2 0.4484106305367379 0.6241890639481001 0.19228764981761334 0.082483781278962
2 0.4484106305367379 0.705746061167748 0.19228764981761334 0.05468025949953661
4 0.5304846274101094 0.2303058387395737 0.018759770713913496 0.03614457831325301
4 0.4038561750911933 0.26135310472659873 0.023970818134445022 0.027803521779425393
4 0.5161542470036478 0.2618164967562558 0.04325169359041167 0.03243744207599629
8 0.3785825951016154 0.3276181649675626 0.03804064616988015 0.028730305838739572
8 0.4359041167274622 0.32947173308619093 0.04325169359041167 0.03243744207599629
8 0.37884314747264203 0.3572752548656163 0.03751954142782699 0.025023169601482854
8 0.43642522146951535 0.3600556070435589 0.04429390307451798 0.019462465245597776
4 0.24491922876498176 0.2247451343836886 0.04273058884835852 0.03429101019462465
4 0.31005732152162585 0.22520852641334568 0.04064616988014591 0.033364226135310475
4 0.23163105784262636 0.2715477293790547 0.017196456487754037 0.025949953660797033
4 0.279833246482543 0.31278962001853566 0.06565919749869724 0.03614457831325301
4 0.4940072954663887 0.3568118628359592 0.0760812923397603 0.029657089898053754
9 0.44085461177696716 0.3943466172381835 0.10109431995831163 0.030583873957367932
4 0.5179781136008338 0.3957367933271548 0.0385617509119333 0.024096385542168676
4 0.3809275664408546 0.4620018535681186 0.041688379364252216 0.025023169601482854
4 0.42574257425742573 0.4629286376274328 0.04585721730067743 0.025023169601482854
4 0.469254820218864 0.4643188137164041 0.04637832204273059 0.024096385542168676
4 0.5138092756644086 0.46153846153846156 0.04585721730067743 0.022242817423540315
8 0.3853569567483064 0.4953660797034291 0.05054715997915581 0.019462465245597776
8 0.4499739447628973 0.49304911955514363 0.042209484106305366 0.022242817423540315
8 0.38613861386138615 0.5217794253938832 0.05106826472120896 0.022242817423540315
8 0.4517978113600834 0.5227062094531975 0.04377279833246483 0.025949953660797033
4 0.5125065138092757 0.5236329935125116 0.020323084940072955 0.03521779425393883
4 0.48853569567483063 0.6144578313253012 0.02553413236060448 0.03521779425393883
4 0.5211047420531527 0.6149212233549582 0.03335070349140177 0.03429101019462465
8 0.39082855653986454 0.6455050973123262 0.03647733194372069 0.021316033364226137
8 0.43668577384054197 0.6464318813716404 0.03647733194372069 0.025023169601482854
4 0.4856696195935383 0.6468952734012975 0.044815007816571134 0.025949953660797033
8 0.37701928087545594 0.711306765523633 0.04116727462219906 0.028730305838739572
8 0.44033350703491403 0.7122335495829472 0.04273058884835852 0.026876737720111215
8 0.5122459614382491 0.7099165894346617 0.05419489317352788 0.027803521779425393
4 0.6214174048983846 0.6658943466172382 0.03908285565398645 0.017608897126969416
4 0.6693590411672746 0.664967562557924 0.03908285565398645 0.019462465245597776
4 0.715216258467952 0.6654309545875811 0.04325169359041167 0.024096385542168676
4 0.6107347576862949 0.6923076923076923 0.02918186555497655 0.03151065801668211
4 0.7264200104220948 0.6932344763670065 0.034392912975508075 0.029657089898053754
4 0.7449192287649817 0.7659870250231696 0.07868681605002606 0.04541241890639481
4 0.3863991662324127 0.5491195551436515 0.055758207399687336 0.023169601482854494
