0 0.5007816571130798 0.08897126969416126 0.9984366857738406 0.05560704355885079
7 0.024752475247524754 0.0778498609823911 0.04429390307451798 0.024096385542168676
7 0.024491922876498175 0.10379981464318813 0.04585721730067743 0.020389249304911955
7 0.06357477853048463 0.09036144578313253 0.02501302761855133 0.04355885078776645
7 0.09275664408546118 0.09036144578313253 0.022928608650338717 0.04911955514365153
7 0.12376237623762376 0.08989805375347544 0.02553413236060448 0.04819277108433735
7 0.15450755601875976 0.08989805375347544 0.027618551328817093 0.04819277108433735
7 0.1849921834288692 0.09221501390176089 0.02709744658676394 0.04541241890639481
7 0.22199062011464304 0.0917516218721038 0.021886399166232414 0.05004633920296571
7 0.2556018759770714 0.08989805375347544 0.03178738926524231 0.05004633920296571
7 0.2915581031787389 0.09082483781278962 0.02553413236060448 0.051899907321594066
7 0.3282959874934862 0.09082483781278962 0.031266284523189164 0.051899907321594066
7 0.36868160500260555 0.08943466172381835 0.024491922876498175 0.04911955514365153
7 0.3983845752996352 0.09082483781278962 0.026576341844710787 0.051899907321594066
7 0.4325169359041167 0.09128822984244671 0.02709744658676394 0.05097312326227989
7 0.4658676393955185 0.09128822984244671 0.03751954142782699 0.05282669138090825
7 0.5041688379364252 0.09128822984244671 0.03804064616988015 0.05468025949953661
