0 0.5 0.4823911028730306 0.4174048983845753 0.4810009267840593
1 0.5010422094841063 0.26830398517145504 0.4194893173527879 0.04911955514365153
1 0.5002605523710266 0.5060240963855421 0.4179260031266285 0.43002780352177944
4 0.5432516935904117 0.2645968489341983 0.042209484106305366 0.03243744207599629
4 0.5781657113079729 0.2645968489341983 0.027618551328817093 0.03985171455050973
4 0.6112558624283481 0.26274328081556997 0.03335070349140177 0.04170528266913809
4 0.6552892131318395 0.26367006487488415 0.017196456487754037 0.030583873957367932
4 0.6787389265242314 0.2710843373493976 0.010943199583116207 0.03614457831325301
4 0.42574257425742573 0.6936978683966636 0.05419489317352788 0.03429101019462465
4 0.49166232412714955 0.6964782205746061 0.06409588327253778 0.03243744207599629
4 0.6130797290255341 0.4522706209453197 0.04637832204273059 0.10936051899907322
4 0.6946326211568525 0.2645968489341983 0.012506513809275664 0.03243744207599629
