0 0.4197498697238145 0.479610750695088 0.2412714955706097 0.629286376274328
1 0.4200104220948411 0.22150139017608897 0.24075039082855654 0.05931417979610751
1 0.4184471078686816 0.35032437442076 0.24075039082855654 0.19833178869323448
1 0.4184471078686816 0.5963855421686747 0.24179260031266284 0.30120481927710846
1 0.4184471078686816 0.7692307692307693 0.24075039082855654 0.04633920296570899
4 0.33324648254299116 0.21362372567191845 0.05680041688379364 0.021316033364226137
4 0.39082855653986454 0.21316033364226136 0.0583637311099531 0.022242817423540315
4 0.4484106305367379 0.21223354958294718 0.05784262636789995 0.022242817423540315
4 0.5065138092756644 0.21316033364226136 0.05627931214174049 0.018535681186283594
4 0.32282438770192806 0.2344763670064875 0.03804064616988015 0.020389249304911955
4 0.36399166232412716 0.23493975903614459 0.04429390307451798 0.021316033364226137
4 0.4041167274622199 0.2340129749768304 0.03491401771756123 0.019462465245597776
4 0.4418968212610735 0.23493975903614459 0.0385617509119333 0.021316033364226137
4 0.4794163626889005 0.23354958294717332 0.03647733194372069 0.020389249304911955
4 0.5169359041167274 0.23308619091751623 0.03543512245961438 0.023169601482854494
8 0.36685773840541946 0.3345690454124189 0.1146430432516936 0.025949953660797033
8 0.36685773840541946 0.3614457831325301 0.1156852527357999 0.027803521779425393
8 0.3837936425221469 0.3911028730305839 0.1485148514851485 0.029657089898053754
8 0.3764981761334028 0.41936978683966636 0.13600833767587284 0.026876737720111215
8 0.3603439291297551 0.4939759036144578 0.10265763418447107 0.024096385542168676
8 0.3611255862428348 0.5217794253938832 0.10317873892652424 0.03151065801668211
8 0.3613861386138614 0.5514365152919369 0.10474205315268369 0.027803521779425393
8 0.37154768108389785 0.5810936051899908 0.12610734757686295 0.029657089898053754
8 0.3944762897342366 0.6107506950880445 0.1719645648775404 0.029657089898053754
8 0.38040646169880143 0.6394810009267841 0.14174048983845752 0.027803521779425393
8 0.35956227201667534 0.6672845227062094 0.10109431995831163 0.024096385542168676
4 0.3658155289213132 0.7696941612604263 0.04585721730067743 0.026876737720111215
4 0.4150599270453361 0.7701575532900834 0.045336112558624284 0.025949953660797033
4 0.5132881709223553 0.7720111214087118 0.047941636268890045 0.027803521779425393
7 0.46300156331422615 0.7706209453197405 0.04429390307451798 0.025023169601482854
