0 0.4197498697238145 0.5 0.23189161021365295 0.505097312326228
1 0.42027097446586764 0.41056533827618164 0.22876498176133403 0.22798887859128822
8 0.37754038561750913 0.33086190917516217 0.12454403335070349 0.020389249304911955
8 0.37754038561750913 0.3531047265987025 0.1266284523189161 0.024096385542168676
8 0.37727983324648257 0.37720111214087115 0.12610734757686295 0.025949953660797033
8 0.3764981761334028 0.40129749768303985 0.1266284523189161 0.022242817423540315
8 0.3764981761334028 0.42446709916589437 0.1266284523189161 0.024096385542168676
8 0.37701928087545594 0.4499536607970343 0.12767066180302242 0.025023169601482854
8 0.37701928087545594 0.4735866543095459 0.12871287128712872 0.022242817423540315
8 0.3811881188118812 0.4962928637627433 0.14017717561229806 0.023169601482854494
