0 0.22916666666666666 0.37572115384615384 0.16538461538461538 0.6754807692307693
1 0.22884615384615384 0.06778846153846153 0.1621794871794872 0.051923076923076926
1 0.2296474358974359 0.13245192307692308 0.16378205128205128 0.08798076923076924
1 0.2296474358974359 0.1860576923076923 0.1657051282051282 0.03076923076923077
1 0.22900641025641025 0.23125 0.16314102564102564 0.06826923076923076
1 0.22948717948717948 0.30408653846153844 0.16602564102564102 0.08990384615384615
1 0.23012820512820512 0.3680288461538462 0.16474358974358974 0.05144230769230769
1 0.23060897435897437 0.43197115384615387 0.16378205128205128 0.08798076923076924
1 0.2296474358974359 0.5163461538461539 0.16185897435897437 0.09134615384615384
1 0.2282051282051282 0.5992788461538462 0.1608974358974359 0.09278846153846154
1 0.2296474358974359 0.675 0.1605769230769231 0.06923076923076923
4 0.2376602564102564 0.056971153846153845 0.1439102564102564 0.021634615384615384
4 0.23653846153846153 0.07884615384615384 0.14423076923076922 0.022115384615384617
4 0.23541666666666666 0.10120192307692308 0.14262820512820512 0.020673076923076922
4 0.23701923076923076 0.12115384615384615 0.14583333333333334 0.019230769230769232
4 0.23733974358974358 0.14086538461538461 0.14647435897435898 0.016346153846153847
4 0.2358974358974359 0.16129807692307693 0.14551282051282052 0.01875
7 0.1828525641025641 0.1858173076923077 0.06506410256410257 0.022596153846153846
4 0.23701923076923076 0.20961538461538462 0.14006410256410257 0.019230769230769232
4 0.23669871794871794 0.22932692307692307 0.14455128205128207 0.021153846153846155
4 0.2376602564102564 0.2723557692307692 0.14198717948717948 0.021634615384615384
4 0.20176282051282052 0.29375 0.07532051282051282 0.023076923076923078
4 0.23573717948717948 0.3122596153846154 0.14647435897435898 0.01875
4 0.23573717948717948 0.3326923076923077 0.13942307692307693 0.019230769230769232
4 0.23557692307692307 0.35721153846153847 0.14102564102564102 0.019230769230769232
4 0.23637820512820512 0.3766826923076923 0.13942307692307693 0.01875
4 0.23733974358974358 0.3995192307692308 0.13942307692307693 0.01730769230769231
7 0.2264423076923077 0.42139423076923077 0.15224358974358973 0.020673076923076922
7 0.22580128205128205 0.44326923076923075 0.15096153846153845 0.023076923076923078
4 0.23926282051282052 0.46129807692307695 0.14326923076923076 0.020673076923076922
7 0.22419871794871796 0.4846153846153846 0.14967948717948718 0.023076923076923078
7 0.19230769230769232 0.5055288461538462 0.08974358974358974 0.023557692307692307
7 0.22355769230769232 0.5271634615384615 0.15352564102564104 0.020673076923076922
4 0.23317307692307693 0.5471153846153847 0.14006410256410257 0.022115384615384617
7 0.20032051282051283 0.5685096153846154 0.07756410256410257 0.023557692307692307
7 0.19599358974358974 0.5899038461538462 0.06955128205128205 0.022115384615384617
7 0.19615384615384615 0.6120192307692308 0.07115384615384615 0.019230769230769232
7 0.19647435897435897 0.6317307692307692 0.07243589743589744 0.01730769230769231
4 0.22948717948717948 0.6519230769230769 0.15833333333333333 0.019230769230769232
4 0.19487179487179487 0.6742788461538461 0.06666666666666667 0.020673076923076922
4 0.17708333333333334 0.6954326923076923 0.03108974358974359 0.022596153846153846
7 0.18525641025641026 0.24759615384615385 0.07179487179487179 0.022115384615384617
