0 0.5713913496612819 0.37720111214087115 0.30797290255341325 0.5171455050973123
4 0.4517978113600834 0.20064874884151992 0.05627931214174049 0.09360518999073215
8 0.4679520583637311 0.314643188137164 0.08650338718082334 0.05468025949953661
8 0.5583637311099531 0.31510658016682114 0.0891089108910891 0.05375347544022243
8 0.6477331943720688 0.31278962001853566 0.09484106305367379 0.06765523632993513
8 0.47081813444502346 0.3744207599629286 0.0880667014069828 0.051899907321594066
8 0.559666492965086 0.3744207599629286 0.09379885356956748 0.06302131603336422
8 0.4507556018759771 0.47868396663577384 0.05211047420531527 0.08433734939759036
8 0.5015633142261594 0.4782205746061168 0.04950495049504951 0.0963855421686747
8 0.5515893694632621 0.4782205746061168 0.05158936946326212 0.09823911028730306
8 0.6010943199583116 0.479610750695088 0.047420531526836895 0.09545875810936053
8 0.46091714434601355 0.5759962928637627 0.07034914017717561 0.05097312326227989
8 0.5338718082334549 0.5759962928637627 0.06930693069306931 0.04911955514365153
8 0.6063053673788431 0.5787766450417052 0.07034914017717561 0.05282669138090825
8 0.6792600312662845 0.5755329008341057 0.07243355914538822 0.05004633920296571
4 0.4567483064095883 0.6214087117701576 0.05992704533611256 0.025023169601482854
1 0.5698280354351225 0.18628359592215013 0.3058884835852006 0.1334569045412419
1 0.570088587806149 0.32947173308619093 0.3084940072954664 0.15477293790546803
1 0.5708702449192288 0.46941612604263205 0.30797290255341325 0.12882298424467098
1 0.5706096925482022 0.5848007414272475 0.3116206357477853 0.10194624652455977
