0 0.38269230769230766 0.2831730769230769 0.2519230769230769 0.48173076923076924
1 0.327724358974359 0.2831730769230769 0.1387820512820513 0.48173076923076924
1 0.45096153846153847 0.3278846153846154 0.11730769230769231 0.13942307692307693
2 0.32724358974358975 0.1076923076923077 0.13974358974358975 0.1326923076923077
2 0.32868589743589743 0.19326923076923078 0.13814102564102565 0.05
2 0.3264423076923077 0.24783653846153847 0.14006410256410257 0.07259615384615385
2 0.32564102564102565 0.32379807692307694 0.13974358974358975 0.08990384615384615
2 0.3261217948717949 0.38822115384615385 0.1387820512820513 0.05048076923076923
2 0.328525641025641 0.4310096153846154 0.14038461538461539 0.05048076923076923
2 0.3283653846153846 0.4639423076923077 0.14198717948717948 0.03173076923076923
2 0.3280448717948718 0.49903846153846154 0.14006410256410257 0.05
2 0.45224358974358975 0.27139423076923075 0.11858974358974358 0.03221153846153846
2 0.4530448717948718 0.30625 0.11314102564102564 0.04903846153846154
2 0.45208333333333334 0.3408653846153846 0.11506410256410256 0.02980769230769231
2 0.45208333333333334 0.3752403846153846 0.11378205128205128 0.046634615384615385
4 0.29471153846153847 0.05913461538461538 0.06698717948717949 0.021153846153846155
4 0.28942307692307695 0.07740384615384616 0.05961538461538462 0.01826923076923077
4 0.30512820512820515 0.09975961538461539 0.09038461538461538 0.020673076923076922
4 0.2969551282051282 0.11947115384615385 0.07403846153846154 0.020673076923076922
4 0.29791666666666666 0.13966346153846154 0.0733974358974359 0.01971153846153846
4 0.3059294871794872 0.159375 0.08557692307692308 0.01971153846153846
7 0.3246794871794872 0.1829326923076923 0.12692307692307692 0.022596153846153846
4 0.32548076923076924 0.20264423076923077 0.1330128205128205 0.01971153846153846
7 0.32259615384615387 0.22716346153846154 0.12403846153846154 0.022596153846153846
4 0.3032051282051282 0.24639423076923078 0.08205128205128205 0.020673076923076922
4 0.3245192307692308 0.26995192307692306 0.13237179487179487 0.023557692307692307
7 0.30288461538461536 0.2935096153846154 0.08461538461538462 0.023557692307692307
7 0.29407051282051283 0.3141826923076923 0.06826923076923076 0.021634615384615384
7 0.3232371794871795 0.3346153846153846 0.1233974358974359 0.022115384615384617
4 0.30993589743589745 0.3543269230769231 0.0673076923076923 0.020192307692307693
4 0.3020833333333333 0.3786057692307692 0.0483974358974359 0.01971153846153846
4 0.33381410256410254 0.39783653846153844 0.11378205128205128 0.020673076923076922
7 0.30096153846153845 0.42139423076923077 0.08076923076923077 0.021634615384615384
7 0.31810897435897434 0.4423076923076923 0.08237179487179487 0.021153846153846155
7 0.28541666666666665 0.4639423076923077 0.04775641025641025 0.022115384615384617
4 0.3310897435897436 0.49038461538461536 0.11089743589743589 0.021153846153846155
4 0.33044871794871794 0.5088942307692308 0.11025641025641025 0.01875
4 0.4307692307692308 0.27283653846153844 0.0685897435897436 0.022596153846153846
7 0.43685897435897436 0.2971153846153846 0.08333333333333333 0.021153846153846155
7 0.43685897435897436 0.3177884615384615 0.08141025641025641 0.021153846153846155
7 0.43493589743589745 0.3418269230769231 0.07692307692307693 0.025
7 0.41939102564102565 0.36538461538461536 0.04583333333333333 0.020192307692307693
7 0.42756410256410254 0.3838942307692308 0.0641025641025641 0.021634615384615384
