4 0.583173076923077 0.48485576923076923 0.2657051282051282 0.05144230769230769
4 0.5823717948717949 0.5295673076923076 0.26282051282051283 0.05144230769230769
4 0.5802884615384616 0.6360576923076923 0.2657051282051282 0.058653846153846154
4 0.5791666666666667 0.6807692307692308 0.2692307692307692 0.05480769230769231
4 0.5782051282051283 0.7269230769230769 0.26282051282051283 0.04807692307692308
4 0.46057692307692305 0.7853365384615385 0.025 0.02451923076923077
4 0.68125 0.37572115384615384 0.041987179487179484 0.036057692307692304
0 0.5809294871794872 0.5168269230769231 0.28557692307692306 0.6173076923076923
1 0.5791666666666667 0.31322115384615384 0.2865384615384615 0.22355769230769232
1 0.5802884615384616 0.4947115384615385 0.28557692307692306 0.1548076923076923
1 0.5783653846153847 0.6646634615384616 0.2849358974358974 0.19567307692307692
1 0.5801282051282052 0.7884615384615384 0.28846153846153844 0.0673076923076923
