0 0.5033653846153846 0.5076923076923077 0.4580128205128205 0.6528846153846154
1 0.5019230769230769 0.2048076923076923 0.4493589743589744 0.03653846153846154
1 0.359775641025641 0.5235576923076923 0.16955128205128206 0.6163461538461539
1 0.58125 0.5168269230769231 0.2907051282051282 0.6240384615384615
4 0.6458333333333334 0.20336538461538461 0.019230769230769232 0.020192307692307693
4 0.6756410256410257 0.203125 0.019230769230769232 0.026442307692307692
4 0.7048076923076924 0.20264423076923077 0.019230769230769232 0.023557692307692307
4 0.35881410256410257 0.3266826923076923 0.15993589743589742 0.05336538461538461
4 0.3612179487179487 0.37740384615384615 0.1608974358974359 0.05673076923076923
4 0.3580128205128205 0.42980769230769234 0.1673076923076923 0.058653846153846154
4 0.35721153846153847 0.471875 0.1701923076923077 0.06586538461538462
4 0.35881410256410257 0.5230769230769231 0.1701923076923077 0.06826923076923076
4 0.35833333333333334 0.5701923076923077 0.17115384615384616 0.07307692307692308
4 0.35833333333333334 0.6161057692307692 0.17243589743589743 0.06394230769230769
4 0.3548076923076923 0.666826923076923 0.17243589743589743 0.06538461538461539
4 0.359775641025641 0.7139423076923077 0.16955128205128206 0.041346153846153845
4 0.6748397435897436 0.29447115384615385 0.07467948717948718 0.04278846153846154
4 0.6653846153846154 0.34278846153846154 0.0967948717948718 0.04903846153846154
4 0.6467948717948718 0.3939903846153846 0.13974358974358975 0.05144230769230769
4 0.6826923076923077 0.4420673076923077 0.05897435897435897 0.05144230769230769
4 0.6820512820512821 0.5439903846153846 0.05512820512820513 0.03701923076923077
4 0.6891025641025641 0.6016826923076923 0.03782051282051282 0.035096153846153846
4 0.5807692307692308 0.6603365384615385 0.26282051282051283 0.06298076923076923
4 0.5820512820512821 0.7057692307692308 0.2621794871794872 0.05961538461538462
4 0.5826923076923077 0.7572115384615384 0.2692307692307692 0.05576923076923077
