0 0.8876602564102564 0.5036057692307693 0.2048076923076923 0.7850961538461538
1 0.8876602564102564 0.12548076923076923 0.20352564102564102 0.03076923076923077
1 0.88125 0.17740384615384616 0.18685897435897436 0.07403846153846154
2 0.8809294871794872 0.446875 0.18685897435897436 0.4620192307692308
2 0.8794871794871795 0.7485576923076923 0.18653846153846154 0.16346153846153846
2 0.8793269230769231 0.8588942307692308 0.18878205128205128 0.07740384615384616
4 0.8001602564102565 0.15841346153846153 0.020833333333333332 0.03221153846153846
4 0.8174679487179487 0.15576923076923077 0.016987179487179486 0.03365384615384615
4 0.8565705128205128 0.7408653846153846 0.05673076923076923 0.022115384615384617
4 0.8463141025641026 0.79375 0.03621794871794872 0.01826923076923077
4 0.8735576923076923 0.8793269230769231 0.11634615384615385 0.019230769230769232
4 0.9809294871794871 0.28221153846153846 0.013141025641025641 0.03076923076923077
4 0.967948717948718 0.12548076923076923 0.01282051282051282 0.016346153846153847
1 0.9814102564102564 0.5170673076923077 0.017948717948717947 0.7620192307692307
5 0.8799679487179487 0.5512019230769231 0.19134615384615383 0.6879807692307692
4 0.9814102564102564 0.12620192307692307 0.013461538461538462 0.01971153846153846
8 0.982051282051282 0.2045673076923077 0.01987179487179487 0.14375
