0 0.5002605523710266 0.49675625579240035 0.9994788952579469 0.9304911955514366
1 0.49765502866076083 0.5264133456904542 0.9546638874413758 0.8137164040778498
1 0.49947889525794686 0.07414272474513438 0.9979155810317873 0.08526413345690455
1 0.010161542470036478 0.525949953660797 0.01928087545596665 0.8202038924930491
1 0.9874934861907243 0.5278035217794254 0.02501302761855133 0.8220574606116775
1 0.49947889525794686 0.9485634847080631 0.9979155810317873 0.028730305838739572
4 0.018238665971860343 0.04865616311399444 0.034392912975508075 0.028730305838739572
4 0.04768108389786347 0.047265987025023166 0.018238665971860343 0.024096385542168676
4 0.07660239708181345 0.05097312326227989 0.014590932777488274 0.027803521779425393
4 0.15581031787389266 0.05097312326227989 0.022928608650338717 0.025949953660797033
4 0.19020323084940072 0.05097312326227989 0.031266284523189164 0.03151065801668211
4 0.2225117248566962 0.04865616311399444 0.02709744658676394 0.03243744207599629
4 0.2535174570088588 0.04819277108433735 0.0286607608129234 0.03151065801668211
4 0.28686816050026054 0.052363299351251155 0.030745179781136008 0.026876737720111215
4 0.31943720687858257 0.04402224281742354 0.02918186555497655 0.028730305838739572
4 0.34966128191766543 0.04865616311399444 0.02709744658676394 0.030583873957367932
4 0.3819697759249609 0.04680259499536608 0.03230849400729546 0.030583873957367932
4 0.42626367899947887 0.0458758109360519 0.06253256904637833 0.03429101019462465
4 0.023710265763418448 0.07645968489341984 0.03699843668577384 0.026876737720111215
4 0.02344971339239187 0.10333642261353104 0.039603960396039604 0.03243744207599629
4 0.06201146430432517 0.0917516218721038 0.02709744658676394 0.051899907321594066
4 0.09275664408546118 0.09314179796107507 0.02709744658676394 0.05838739573679333
4 0.12011464304325169 0.08850787766450417 0.026576341844710787 0.047265987025023166
4 0.1607608129233976 0.09499536607970342 0.0484627410109432 0.05097312326227989
4 0.20401250651380928 0.09453197405004633 0.042209484106305366 0.057460611677479144
4 0.24048983845752997 0.0917516218721038 0.03282959874934862 0.051899907321594066
4 0.273058884835852 0.07599629286376275 0.014590932777488274 0.020389249304911955
4 0.32985930171964567 0.07599629286376275 0.01354872329338197 0.025949953660797033
4 0.3157894736842105 0.07645968489341984 0.015633142261594582 0.023169601482854494
4 0.27149557060969254 0.10287303058387395 0.01354872329338197 0.024096385542168676
4 0.28686816050026054 0.10240963855421686 0.015112037519541427 0.030583873957367932
4 0.30198019801980197 0.10889712696941613 0.018238665971860343 0.030583873957367932
4 0.3150078165711308 0.10333642261353104 0.018238665971860343 0.028730305838739572
4 0.3303804064616988 0.10379981464318813 0.01771756122980719 0.029657089898053754
4 0.35617509119332985 0.09731232622798888 0.03804064616988015 0.057460611677479144
4 0.3853569567483064 0.07877664504170528 0.01928087545596665 0.025949953660797033
4 0.4580510682647212 0.07924003707136237 0.018759770713913496 0.021316033364226137
4 0.3957790515893695 0.10797034291010195 0.03595622720166754 0.03985171455050973
4 0.42339760291818657 0.10658016682113068 0.026576341844710787 0.029657089898053754
4 0.4504950495049505 0.10379981464318813 0.0297029702970297 0.029657089898053754
4 0.491401771756123 0.07506950880444857 0.03647733194372069 0.03892493049119555
4 0.4859301719645649 0.10333642261353104 0.05054715997915581 0.037998146431881374
4 0.5226680562793121 0.09221501390176089 0.03230849400729546 0.06765523632993513
4 0.5534132360604481 0.08943466172381835 0.030224075039082855 0.07692307692307693
4 0.5878061490359562 0.08850787766450417 0.02918186555497655 0.06580166821130677
4 0.6151641479937467 0.09036144578313253 0.0286607608129234 0.0639481000926784
4 0.6464304325169359 0.08850787766450417 0.03178738926524231 0.06209453197405004
4 0.6868160500260553 0.09082483781278962 0.03543512245961438 0.05931417979610751
4 0.7173006774361647 0.09592215013901761 0.03595622720166754 0.07136237256719184
4 0.7501302761855133 0.09592215013901761 0.0286607608129234 0.0639481000926784
4 0.7829598749348619 0.09870250231696015 0.03491401771756123 0.06765523632993513
4 0.8191766545075561 0.09221501390176089 0.0385617509119333 0.060240963855421686
4 0.9153204794163627 0.05097312326227989 0.030745179781136008 0.03151065801668211
4 0.9502344971339239 0.04541241890639481 0.027618551328817093 0.029657089898053754
4 0.9687337154768109 0.04772937905468026 0.019801980198019802 0.03243744207599629
4 0.008337675872850442 0.14133456904541242 0.015633142261594582 0.03985171455050973
4 0.011724856696195935 0.18118628359592215 0.01615424700364773 0.037998146431881374
4 0.009640437727983325 0.216404077849861 0.018238665971860343 0.025023169601482854
4 0.009900990099009901 0.25301204819277107 0.018759770713913496 0.03707136237256719
4 0.009900990099009901 0.2933271547729379 0.018759770713913496 0.037998146431881374
4 0.016675351745700884 0.9513438368860055 0.01354872329338197 0.028730305838739572
4 0.033871808233454925 0.9508804448563485 0.019801980198019802 0.033364226135310475
4 0.7660239708181344 0.9531974050046339 0.020844189682126108 0.03429101019462465
4 0.6154247003647734 0.9485634847080631 0.015633142261594582 0.026876737720111215
4 0.5229286086503387 0.9504170528266914 0.020323084940072955 0.037998146431881374
4 0.5414278269932257 0.9518072289156626 0.016675351745700884 0.027803521779425393
4 0.6336633663366337 0.9490268767377201 0.020844189682126108 0.029657089898053754
4 0.800156331422616 0.9545875810936052 0.017196456487754037 0.03151065801668211
4 0.8196977592496092 0.9494902687673772 0.015633142261594582 0.026876737720111215
4 0.8348097967691506 0.9513438368860055 0.016675351745700884 0.03243744207599629
4 0.8499218342886921 0.9541241890639481 0.018759770713913496 0.03429101019462465
4 0.8749348619072433 0.9499536607970342 0.03230849400729546 0.029657089898053754
4 0.8968212610734758 0.9471733086190918 0.019801980198019802 0.04077849860982391
4 0.9687337154768109 0.9508804448563485 0.01354872329338197 0.029657089898053754
4 0.9856696195935383 0.9499536607970342 0.018238665971860343 0.025949953660797033
4 0.9900990099009901 0.14318813716404077 0.016675351745700884 0.03614457831325301
4 0.9869723814486712 0.18535681186283595 0.026055237102657634 0.03521779425393883
4 0.9887962480458572 0.2196478220574606 0.022407503908285567 0.025949953660797033
9 0.9346013548723293 0.9481000926784059 0.05158936946326212 0.029657089898053754
4 0.9559666492965087 0.14735866543095458 0.027618551328817093 0.057460611677479144
