0 0.5005211047420531 0.4819277108433735 0.5122459614382491 0.5579240037071362
1 0.5 0.22659870250231695 0.5112037519541428 0.047265987025023166
1 0.5 0.288693234476367 0.5122459614382491 0.07877664504170528
1 0.5002605523710266 0.4916589434661724 0.5117248566961959 0.32715477293790546
1 0.5005211047420531 0.7085264133456904 0.5122459614382491 0.1102873030583874
4 0.3350703491401772 0.22567191844300277 0.05002605523710266 0.04541241890639481
4 0.38692027097446585 0.22520852641334568 0.053673788431474724 0.04819277108433735
4 0.438509640437728 0.22613531047265986 0.0484627410109432 0.04633920296570899
4 0.48749348619072436 0.22567191844300277 0.04950495049504951 0.04541241890639481
4 0.5372589890568004 0.2242817423540315 0.04898384575299635 0.04633920296570899
4 0.5885878061490359 0.22520852641334568 0.053673788431474724 0.04819277108433735
4 0.6969775924960917 0.2201112140871177 0.033871808233454925 0.030583873957367932
4 0.7350182386659718 0.2196478220574606 0.03908285565398645 0.029657089898053754
4 0.28738926524231373 0.29240037071362374 0.04429390307451798 0.06580166821130677
4 0.3282959874934862 0.293790546802595 0.03230849400729546 0.05931417979610751
4 0.3692027097446587 0.293790546802595 0.033871808233454925 0.057460611677479144
4 0.4119332985930172 0.29564411492122333 0.03282959874934862 0.057460611677479144
4 0.45310057321521624 0.29471733086190915 0.03178738926524231 0.061167747914735865
4 0.4955706096925482 0.2942539388322521 0.03230849400729546 0.056533827618164965
4 0.537519541427827 0.29518072289156627 0.0297029702970297 0.05838739573679333
4 0.5792079207920792 0.2974976830398517 0.033871808233454925 0.057460611677479144
4 0.6532047941636269 0.3072289156626506 0.053673788431474724 0.030583873957367932
7 0.7073996873371547 0.30676552363299353 0.053673788431474724 0.029657089898053754
4 0.49973944762897343 0.4986098239110287 0.46899426784783743 0.303985171455051
8 0.31214174048983845 0.690917516218721 0.02501302761855133 0.023169601482854494
8 0.3551328817092236 0.6899907321594069 0.026576341844710787 0.025023169601482854
8 0.3170922355393434 0.7224281742354032 0.040125065138092754 0.019462465245597776
8 0.3585200625325691 0.7219647822057461 0.03230849400729546 0.024096385542168676
7 0.43668577384054197 0.7205746061167748 0.1167274622199062 0.023169601482854494
4 0.44893173527879104 0.6899907321594069 0.05158936946326212 0.025023169601482854
4 0.684471078686816 0.696014828544949 0.09953100573215216 0.05560704355885079
