0 0.5033653846153846 0.4793269230769231 0.2971153846153846 0.6413461538461539
1 0.5028846153846154 0.17163461538461539 0.29615384615384616 0.021153846153846155
1 0.5025641025641026 0.49206730769230766 0.2967948717948718 0.6216346153846154
4 0.5798076923076924 0.17259615384615384 0.01730769230769231 0.019230769230769232
4 0.6375 0.17211538461538461 0.021153846153846155 0.01826923076923077
4 0.5040064102564102 0.5759615384615384 0.14903846153846154 0.05
4 0.5552884615384616 0.6252403846153847 0.046474358974358976 0.017788461538461538
4 0.48012820512820514 0.7615384615384615 0.03141025641025641 0.01730769230769231
4 0.5203525641025641 0.7625 0.046474358974358976 0.01730769230769231
7 0.6091346153846153 0.17115384615384616 0.022756410256410255 0.020192307692307693
