0 0.40208333333333335 0.5274038461538462 0.7657051282051283 0.7855769230769231
4 0.15096153846153845 0.17836538461538462 0.04358974358974359 0.023076923076923078
4 0.15576923076923077 0.22115384615384615 0.03397435897435897 0.026923076923076925
4 0.1607371794871795 0.29927884615384615 0.027243589743589744 0.01875
4 0.16121794871794873 0.3425480769230769 0.02435897435897436 0.021634615384615384
4 0.3855769230769231 0.35625 0.0685897435897436 0.035576923076923075
4 0.10705128205128205 0.4153846153846154 0.03461538461538462 0.016346153846153847
4 0.11826923076923077 0.6759615384615385 0.058333333333333334 0.10576923076923077
4 0.25785256410256413 0.676923076923077 0.06185897435897436 0.10865384615384616
4 0.3975961538461538 0.6776442307692307 0.06506410256410257 0.11009615384615384
4 0.5391025641025641 0.6788461538461539 0.0673076923076923 0.11442307692307692
4 0.6780448717948718 0.6798076923076923 0.07083333333333333 0.11634615384615385
