0 0.0671474358974359 0.30288461538461536 0.13365384615384615 0.5192307692307693
4 0.060737179487179487 0.05673076923076923 0.1189102564102564 0.026923076923076925
4 0.04471153846153846 0.07932692307692307 0.08557692307692308 0.01826923076923077
4 0.060737179487179487 0.09663461538461539 0.11698717948717949 0.022115384615384617
4 0.03862179487179487 0.11923076923076924 0.07467948717948718 0.023076923076923078
4 0.07163461538461538 0.13822115384615385 0.11185897435897436 0.020673076923076922
7 0.047596153846153844 0.16105769230769232 0.09262820512820513 0.022115384615384617
4 0.047115384615384615 0.1829326923076923 0.09358974358974359 0.02451923076923077
7 0.061217948717948716 0.20528846153846153 0.11987179487179488 0.022115384615384617
7 0.060737179487179487 0.22692307692307692 0.12083333333333333 0.022115384615384617
7 0.038461538461538464 0.24711538461538463 0.075 0.020192307692307693
7 0.040865384615384616 0.26610576923076923 0.0798076923076923 0.023557692307692307
7 0.03445512820512821 0.28677884615384613 0.06506410256410257 0.020673076923076922
4 0.07307692307692308 0.30817307692307694 0.10705128205128205 0.025
7 0.05993589743589744 0.3295673076923077 0.11923076923076924 0.023557692307692307
7 0.06057692307692308 0.34783653846153845 0.12051282051282051 0.02451923076923077
7 0.07291666666666667 0.37067307692307694 0.11057692307692307 0.020192307692307693
7 0.07243589743589744 0.39134615384615384 0.11153846153846154 0.01826923076923077
7 0.0733974358974359 0.41201923076923075 0.11346153846153846 0.020192307692307693
7 0.07371794871794872 0.43317307692307694 0.10897435897435898 0.022115384615384617
7 0.07259615384615385 0.4564903846153846 0.11185897435897436 0.02548076923076923
7 0.06490384615384616 0.47836538461538464 0.12724358974358974 0.022115384615384617
7 0.06458333333333334 0.5016826923076924 0.12724358974358974 0.02451923076923077
7 0.06586538461538462 0.5223557692307692 0.12724358974358974 0.02451923076923077
4 0.06602564102564103 0.5485576923076924 0.1282051282051282 0.02980769230769231
1 0.06634615384615385 0.10024038461538462 0.13205128205128205 0.10913461538461539
1 0.06666666666666667 0.17259615384615384 0.1326923076923077 0.04807692307692308
1 0.06634615384615385 0.24591346153846153 0.13205128205128205 0.1110576923076923
1 0.06666666666666667 0.37091346153846155 0.1326923076923077 0.14951923076923077
1 0.06634615384615385 0.4550480769230769 0.13205128205128205 0.028365384615384615
1 0.0673076923076923 0.48870192307692306 0.13397435897435897 0.05144230769230769
1 0.06618589743589744 0.5242788461538461 0.13044871794871796 0.02451923076923077
1 0.06634615384615385 0.5478365384615385 0.13205128205128205 0.027403846153846154
