0 0.5002605523710266 0.9216867469879518 0.9994788952579469 0.06950880444856349
4 0.41089108910891087 0.927710843373494 0.01928087545596665 0.03521779425393883
4 0.43017196456487755 0.9267840593141798 0.017196456487754037 0.03707136237256719
4 0.4515372589890568 0.9253938832252085 0.022407503908285567 0.03985171455050973
7 0.476029181865555 0.9235403151065802 0.027618551328817093 0.04355885078776645
4 0.5010422094841063 0.9258572752548656 0.024491922876498175 0.05004633920296571
4 0.5263157894736842 0.9258572752548656 0.030224075039082855 0.05375347544022243
4 0.5495049504950495 0.9253938832252085 0.020323084940072955 0.03985171455050973
9 0.5849400729546639 0.927710843373494 0.05263157894736842 0.03521779425393883
4 0.9856696195935383 0.927710843373494 0.022407503908285567 0.03892493049119555
1 0.17404898384575299 0.922613531047266 0.3470557582073997 0.06950880444856349
1 0.49765502866076083 0.9221501390176089 0.29807191245440334 0.07043558850787766
1 0.8236060448150078 0.9235403151065802 0.35278791036998436 0.07692307692307693
