0 0.49973944762897343 0.5458758109360519 0.5106826472120897 0.43002780352177944
1 0.49947889525794686 0.49258572752548657 0.5122459614382491 0.3253012048192771
1 0.49947889525794686 0.7094531974050047 0.5112037519541428 0.1010194624652456
4 0.5005211047420531 0.5004633920296571 0.4705575820739969 0.30583873957367935
8 0.31761334028139654 0.6895273401297498 0.040125065138092754 0.022242817423540315
8 0.3655549765502866 0.6886005560704356 0.04429390307451798 0.022242817423540315
8 0.31865554976550287 0.7228915662650602 0.04325169359041167 0.018535681186283594
8 0.35956227201667534 0.7238183503243745 0.034392912975508075 0.020389249304911955
7 0.46300156331422615 0.6904541241890639 0.11203751954142782 0.029657089898053754
7 0.4820218863991662 0.7219647822057461 0.03335070349140177 0.024096385542168676
4 0.6849921834288693 0.696014828544949 0.10057321521625846 0.05931417979610751
