0 0.41818655549765504 0.4962928637627433 0.23084940072954663 0.505097312326228
1 0.41818655549765504 0.3572752548656163 0.22980719124544033 0.1195551436515292
1 0.41896821261073475 0.4684893419833179 0.2313705054715998 0.1010194624652456
1 0.41818655549765504 0.6306765523632993 0.23293381969775925 0.22706209453197404
8 0.36190724335591457 0.3341056533827618 0.10057321521625846 0.019462465245597776
8 0.3613861386138614 0.3577386468952734 0.10161542470036478 0.024096385542168676
8 0.3593017196456488 0.45273401297497684 0.09327774882751433 0.025023169601482854
8 0.3324648254299114 0.48053753475440225 0.04064616988014591 0.028730305838739572
8 0.3632100052110474 0.5500463392029658 0.10213652944241793 0.023169601482854494
8 0.36060448150078167 0.5727525486561631 0.0979676915059927 0.022242817423540315
8 0.34418968212610734 0.5940685820203893 0.06618030224075039 0.025949953660797033
8 0.37545596664929654 0.6209453197405005 0.13079729025534131 0.024096385542168676
4 0.3986451276706618 0.6742354031510658 0.04585721730067743 0.028730305838739572
