0 0.5 0.4772937905468026 0.32464825429911415 0.5634847080630213
4 0.6284523189161021 0.2154772937905468 0.02918186555497655 0.03243744207599629
4 0.6516414799374675 0.21501390176088972 0.01928087545596665 0.03151065801668211
4 0.39682126107347576 0.2859128822984245 0.09953100573215216 0.03429101019462465
4 0.501823866597186 0.28683966635773867 0.10005211047420531 0.04170528266913809
4 0.6055237102657635 0.28776645041705284 0.10526315789473684 0.04355885078776645
4 0.3973423658155289 0.3535681186283596 0.10369984366857739 0.03429101019462465
4 0.5015633142261594 0.35217794253938833 0.10161542470036478 0.042632066728452274
4 0.6047420531526837 0.35495829471733087 0.09953100573215216 0.042632066728452274
4 0.3897863470557582 0.4045412418906395 0.08233454924439812 0.037998146431881374
4 0.4580510682647212 0.4008341056533828 0.04898384575299635 0.03614457831325301
4 0.49817613340281397 0.40593141797961074 0.020844189682126108 0.03521779425393883
4 0.5857217300677436 0.40593141797961074 0.04898384575299635 0.027803521779425393
4 0.44111516414799373 0.4522706209453197 0.045336112558624284 0.03521779425393883
4 0.5062532569046378 0.45273401297497684 0.04429390307451798 0.028730305838739572
4 0.570088587806149 0.4531974050046339 0.047941636268890045 0.03707136237256719
4 0.6326211568525274 0.4522706209453197 0.044815007816571134 0.03151065801668211
4 0.6326211568525274 0.49814643188137164 0.04689942678478374 0.028730305838739572
4 0.5687858259510161 0.7256719184430028 0.053673788431474724 0.03521779425393883
4 0.6258467952058364 0.7242817423540315 0.053152683689421575 0.03614457831325301
4 0.6336633663366337 0.4082483781278962 0.04064616988014591 0.03429101019462465
8 0.5161542470036478 0.4045412418906395 0.01928087545596665 0.04355885078776645
8 0.5312662845231891 0.4008341056533828 0.018238665971860343 0.04911955514365153
8 0.551068264721209 0.4045412418906395 0.020323084940072955 0.03985171455050973
