0 0.5002605523710266 0.47868396663577384 0.33350703491401773 0.5143651529193698
4 0.6013548723293382 0.2391102873030584 0.028139656070870246 0.024096385542168676
4 0.6289734236581553 0.2381835032437442 0.030224075039082855 0.033364226135310475
4 0.6563314226159458 0.24189063948100092 0.01928087545596665 0.03521779425393883
4 0.6294945284002085 0.27571825764596847 0.053152683689421575 0.030583873957367932
4 0.3665971860343929 0.5662650602409639 0.04950495049504951 0.03151065801668211
4 0.6328817092235539 0.7020389249304912 0.047420531526836895 0.03243744207599629
4 0.42626367899947887 0.6561631139944393 0.16571130797290257 0.03151065801668211
8 0.45231891610213654 0.31974050046339203 0.1354872329338197 0.03707136237256719
8 0.5943199583116207 0.31881371640407785 0.12454403335070349 0.033364226135310475
8 0.42365815528921313 0.3614457831325301 0.0781657113079729 0.04077849860982391
8 0.5143303804064617 0.3623725671918443 0.08546117769671704 0.04077849860982391
8 0.34757686294945284 0.6227988878591288 0.01354872329338197 0.025949953660797033
8 0.385617509119333 0.6246524559777572 0.014590932777488274 0.033364226135310475
8 0.42313705054716 0.6232622798887859 0.015633142261594582 0.028730305838739572
