1 0.5005211047420531 0.04402224281742354 0.9968733715476811 0.08619091751621873
1 0.04247003647733194 0.4916589434661724 0.07868681605002606 0.7961075069508804
1 0.5419489317352788 0.49258572752548657 0.9140177175612298 0.8072289156626506
1 0.5020844189682127 0.9253938832252085 0.9958311620635748 0.06580166821130677
0 0.5005211047420531 0.48053753475440225 0.9968733715476811 0.9555143651529193
4 0.10265763418447107 0.13113994439295645 0.03543512245961438 0.060240963855421686
4 0.14069828035435122 0.13160333642261354 0.039603960396039604 0.06302131603336422
4 0.17873892652423137 0.13067655236329936 0.034392912975508075 0.06302131603336422
4 0.21756122980719125 0.13021316033364227 0.042209484106305366 0.06580166821130677
4 0.2584679520583637 0.1283595922150139 0.03751954142782699 0.06765523632993513
4 0.29807191245440334 0.12882298424467098 0.041688379364252216 0.07043558850787766
4 0.04194893173527879 0.1144578313253012 0.08181344450234497 0.021316033364226137
4 0.04273058884835852 0.13670064874884152 0.08025013027618551 0.023169601482854494
4 0.04273058884835852 0.15755329008341057 0.08025013027618551 0.016682113067655237
4 0.04273058884835852 0.17701575532900835 0.08233454924439812 0.022242817423540315
4 0.04325169359041167 0.19462465245597776 0.08337675872850443 0.027803521779425393
4 0.04429390307451798 0.2154772937905468 0.08650338718082334 0.025023169601482854
4 0.04273058884835852 0.23679332715477294 0.08233454924439812 0.026876737720111215
4 0.042209484106305366 0.25903614457831325 0.08337675872850443 0.025023169601482854
4 0.035695674830640955 0.298887859128823 0.06201146430432517 0.028730305838739572
9 0.5802501302761855 0.9244670991658943 0.04637832204273059 0.030583873957367932
4 0.5482021886399167 0.9249304911955515 0.015633142261594582 0.027803521779425393
4 0.5247524752475248 0.9244670991658943 0.02918186555497655 0.03614457831325301
4 0.5005211047420531 0.9249304911955515 0.027618551328817093 0.04448563484708063
4 0.47550807712350185 0.9263206672845227 0.03282959874934862 0.030583873957367932
7 0.45205836373110997 0.9267840593141798 0.018238665971860343 0.03151065801668211
4 0.4319958311620636 0.9258572752548656 0.020844189682126108 0.033364226135310475
4 0.4111516414799375 0.9240037071362373 0.022928608650338717 0.03892493049119555
4 0.8877019280875456 0.04031510658016682 0.03908285565398645 0.026876737720111215
4 0.9314747264200104 0.04170528266913809 0.040125065138092754 0.027803521779425393
4 0.9757686294945284 0.04031510658016682 0.040125065138092754 0.026876737720111215
4 0.8478374153204794 0.0690454124189064 0.02501302761855133 0.030583873957367932
4 0.9757686294945284 0.07228915662650602 0.020323084940072955 0.024096385542168676
4 0.9921834288692027 0.06997219647822057 0.014590932777488274 0.028730305838739572
4 0.023189161021365295 0.07089898053753475 0.03699843668577384 0.026876737720111215
4 0.06565919749869724 0.06997219647822057 0.04689942678478374 0.03243744207599629
4 0.1255862428348098 0.07043558850787766 0.06565919749869724 0.03892493049119555
4 0.013027618551328817 0.03892493049119555 0.012506513809275664 0.029657089898053754
7 0.02709744658676394 0.037998146431881374 0.015633142261594582 0.025949953660797033
4 0.06122980719124544 0.03475440222428174 0.04429390307451798 0.026876737720111215
