0 0.5006410256410256 0.5204359673024523 0.31987179487179485 0.55858310626703
1 0.4998397435897436 0.33969118982742963 0.3137820512820513 0.19346049046321526
1 0.5009615384615385 0.44436875567665757 0.32051282051282054 0.043142597638510444
1 0.5019230769230769 0.6253405994550408 0.32051282051282054 0.3442325158946412
4 0.3657051282051282 0.27270663033605813 0.026282051282051282 0.035876475930971846
8 0.49887820512820513 0.2724795640326976 0.052243589743589745 0.03814713896457766
4 0.634775641025641 0.27270663033605813 0.025961538461538463 0.04223433242506812
4 0.6415064102564103 0.4427792915531335 0.020192307692307693 0.03178928247048138
4 0.6201923076923077 0.48342415985467757 0.05961538461538462 0.041326067211625794
4 0.4014423076923077 0.5313351498637602 0.03365384615384615 0.03814713896457766
4 0.5009615384615385 0.5381471389645777 0.04038461538461539 0.045413260672116255
4 0.6016025641025641 0.5388283378746594 0.032692307692307694 0.05040871934604905
4 0.40176282051282053 0.5903723887375113 0.0342948717948718 0.04632152588555858
4 0.5001602564102564 0.5894641235240691 0.0342948717948718 0.05086285195277021
4 0.6016025641025641 0.587874659400545 0.03141025641025641 0.05131698455949137
4 0.40224358974358976 0.6405540417801998 0.03974358974358974 0.049500454132606724
4 0.5009615384615385 0.6389645776566758 0.03141025641025641 0.05086285195277021
4 0.6012820512820513 0.6389645776566758 0.03076923076923077 0.05267938237965486
4 0.3993589743589744 0.694141689373297 0.023076923076923078 0.035876475930971846
4 0.5009615384615385 0.689827429609446 0.032692307692307694 0.04450499545867393
4 0.6012820512820513 0.687102633969119 0.03205128205128205 0.04087193460490463
4 0.39887820512820515 0.7463669391462306 0.02980769230769231 0.041326067211625794
4 0.5014423076923077 0.7452316076294278 0.05608974358974359 0.06448683015440508
4 0.6024038461538461 0.747275204359673 0.041987179487179484 0.055858310626702996
