0 0.8809294871794872 0.5293269230769231 0.1907051282051282 0.7865384615384615
1 0.8807692307692307 0.14975961538461538 0.18974358974358974 0.027403846153846154
1 0.8798076923076923 0.5425480769230769 0.19166666666666668 0.7629807692307692
4 0.7951923076923076 0.14927884615384615 0.01730769230769231 0.023557692307692307
4 0.8115384615384615 0.1485576923076923 0.01730769230769231 0.025
4 0.8298076923076924 0.1485576923076923 0.015384615384615385 0.022115384615384617
4 0.9488782051282051 0.14879807692307692 0.016987179487179486 0.023557692307692307
4 0.9661858974358974 0.14735576923076923 0.014423076923076924 0.01971153846153846
4 0.8157051282051282 0.1985576923076923 0.051923076923076926 0.025961538461538463
4 0.815224358974359 0.2247596153846154 0.05096153846153846 0.026442307692307692
4 0.875801282051282 0.22355769230769232 0.06698717948717949 0.025
4 0.8488782051282051 0.2516826923076923 0.12083333333333333 0.029326923076923077
4 0.9185897435897435 0.2519230769230769 0.015384615384615385 0.022115384615384617
4 0.8801282051282051 0.3096153846153846 0.1891025641025641 0.022115384615384617
