0 0.5002605523710266 0.08989805375347544 0.9994788952579469 0.051899907321594066
7 0.024491922876498175 0.07924003707136237 0.03751954142782699 0.023169601482854494
7 0.023970818134445022 0.10333642261353104 0.034392912975508075 0.025023169601482854
7 0.06591974986972382 0.09267840593141798 0.027618551328817093 0.04633920296570899
7 0.09953100573215216 0.09221501390176089 0.02709744658676394 0.04541241890639481
7 0.13288170922355394 0.09221501390176089 0.026055237102657634 0.04541241890639481
7 0.17014069828035436 0.09267840593141798 0.030745179781136008 0.04633920296570899
7 0.20244919228764982 0.09128822984244671 0.01928087545596665 0.04541241890639481
7 0.23163105784262636 0.09128822984244671 0.018238665971860343 0.04355885078776645
7 0.26055237102657636 0.09082483781278962 0.021886399166232414 0.04448563484708063
7 0.2949452840020844 0.09128822984244671 0.026055237102657634 0.04541241890639481
7 0.3293381969775925 0.09082483781278962 0.02709744658676394 0.04819277108433735
7 0.3603439291297551 0.09128822984244671 0.020323084940072955 0.04541241890639481
7 0.3890046899426785 0.09267840593141798 0.02136529442417926 0.04448563484708063
7 0.41896821261073475 0.09128822984244671 0.02501302761855133 0.047265987025023166
7 0.45492443981240227 0.09267840593141798 0.02918186555497655 0.04448563484708063
7 0.48827514330380406 0.09267840593141798 0.02709744658676394 0.04633920296570899
7 0.5208441896821261 0.09128822984244671 0.026576341844710787 0.04355885078776645
7 0.5536737884314747 0.09128822984244671 0.0286607608129234 0.04541241890639481
