0 0.500801282051282 0.4807692307692308 0.9983974358974359 0.9596153846153846
1 0.500801282051282 0.01514423076923077 0.9983974358974359 0.026442307692307692
5 0.10625 0.49158653846153844 0.2092948717948718 0.9475961538461538
1 0.6022435897435897 0.49230769230769234 0.7955128205128205 0.9490384615384615
4 0.1892628205128205 0.04735576923076923 0.022115384615384617 0.022596153846153846
4 0.18878205128205128 0.09086538461538461 0.026923076923076925 0.03942307692307692
4 0.02564102564102564 0.14375 0.02564102564102564 0.04903846153846154
4 0.07628205128205129 0.1423076923076923 0.03141025641025641 0.046153846153846156
4 0.12756410256410255 0.1423076923076923 0.03012820512820513 0.04807692307692308
4 0.18060897435897436 0.14375 0.029166666666666667 0.04903846153846154
4 0.10272435897435897 0.1985576923076923 0.19647435897435897 0.038461538461538464
4 0.18637820512820513 0.28557692307692306 0.016346153846153847 0.028846153846153848
4 0.05673076923076923 0.38052884615384613 0.10448717948717949 0.05048076923076923
4 0.0641025641025641 0.47091346153846153 0.12243589743589743 0.05144230769230769
4 0.07996794871794871 0.5649038461538461 0.15096153846153845 0.047115384615384615
4 0.052083333333333336 0.6545673076923076 0.0983974358974359 0.046634615384615385
4 0.028846153846153848 0.7074519230769231 0.05641025641025641 0.04567307692307692
4 0.0546474358974359 0.7973557692307692 0.10480769230769231 0.04375
4 0.04599358974358975 0.8927884615384616 0.08173076923076923 0.04519230769230769
4 0.6030448717948718 0.39110576923076923 0.09903846153846153 0.041826923076923074
4 0.9116987179487179 0.06274038461538461 0.02980769230769231 0.04471153846153846
4 0.9458333333333333 0.06346153846153846 0.032692307692307694 0.04807692307692308
4 0.9777243589743589 0.06538461538461539 0.029166666666666667 0.046153846153846156
4 0.9253205128205129 0.011538461538461539 0.01730769230769231 0.021153846153846155
4 0.9559294871794872 0.011057692307692308 0.016987179487179486 0.020192307692307693
4 0.9857371794871795 0.011778846153846154 0.020192307692307693 0.022596153846153846
4 0.3142628205128205 0.9132211538461539 0.022756410256410255 0.04278846153846154
4 0.8044871794871795 0.9132211538461539 0.0391025641025641 0.05144230769230769
4 0.8362179487179487 0.9125 0.03012820512820513 0.05
4 0.8674679487179487 0.9098557692307693 0.028525641025641025 0.04471153846153846
4 0.8993589743589744 0.909375 0.03782051282051282 0.05048076923076923
