0 0.4194893173527879 0.4962928637627433 0.2292860865033872 0.5032437442075997
1 0.4207920792079208 0.36468952734012977 0.2256383533090151 0.1380908248378128
1 0.42027097446586764 0.46987951807228917 0.2266805627931214 0.06487488415199258
1 0.4194893173527879 0.5806302131603337 0.2313705054715998 0.15106580166821132
8 0.34523189161021367 0.3628359592215014 0.05680041688379364 0.023169601482854494
8 0.3415841584158416 0.38785912882298423 0.05054715997915581 0.023169601482854494
8 0.3931735278791037 0.3887859128822984 0.05158936946326212 0.025023169601482854
8 0.3368942157373632 0.41195551436515293 0.04429390307451798 0.021316033364226137
8 0.36347055758207397 0.47451343836886006 0.09744658676393955 0.022242817423540315
4 0.5044293903074518 0.6320667284522706 0.04377279833246483 0.022242817423540315
