0 0.5002605523710266 0.48146431881371643 0.9994788952579469 0.9573679332715477
1 0.49973944762897343 0.07460611677479147 0.9984366857738406 0.08619091751621873
1 0.5 0.015755329008341055 0.9958311620635748 0.027803521779425393
1 0.08025013027618551 0.5389249304911955 0.15841584158415842 0.8443002780352178
1 0.5802501302761855 0.5393883225208527 0.839499739447629 0.8470806302131604
4 0.027879103699843668 0.016682113067655237 0.05263157894736842 0.029657089898053754
4 0.11073475768629494 0.015291936978683966 0.11203751954142782 0.026876737720111215
4 0.22381448671182907 0.015755329008341055 0.11516414799374675 0.027803521779425393
4 0.2915581031787389 0.016682113067655237 0.026576341844710787 0.029657089898053754
4 0.9194893173527879 0.015755329008341055 0.0484627410109432 0.027803521779425393
4 0.9512767066180302 0.016682113067655237 0.01615424700364773 0.03151065801668211
4 0.02058363731109953 0.04958294717330862 0.03699843668577384 0.026876737720111215
4 0.04898384575299635 0.051899907321594066 0.012506513809275664 0.025949953660797033
4 0.07634184471078687 0.04911955514365153 0.011985409067222511 0.022242817423540315
4 0.15007816571130797 0.05004633920296571 0.04273058884835852 0.029657089898053754
4 0.18421052631578946 0.04819277108433735 0.03491401771756123 0.025949953660797033
4 0.21964564877540385 0.047265987025023166 0.03491401771756123 0.03151065801668211
4 0.2545596664929651 0.047265987025023166 0.03804064616988015 0.029657089898053754
4 0.28556539864512764 0.04958294717330862 0.031266284523189164 0.026876737720111215
4 0.31761334028139654 0.04772937905468026 0.03178738926524231 0.026876737720111215
4 0.3483585200625326 0.04633920296570899 0.03595622720166754 0.029657089898053754
4 0.3822303282959875 0.04772937905468026 0.03699843668577384 0.03429101019462465
4 0.08207399687337155 0.16218721037998146 0.15476810838978636 0.04819277108433735
4 0.08285565398645128 0.21037998146431883 0.1532047941636269 0.03707136237256719
4 0.08129233976029182 0.2562557924003707 0.15007816571130797 0.04541241890639481
4 0.25612298071912454 0.08989805375347544 0.03699843668577384 0.051899907321594066
4 0.2907764460656592 0.09221501390176089 0.03543512245961438 0.05282669138090825
4 0.41271495570609695 0.0917516218721038 0.0385617509119333 0.05375347544022243
4 0.5177175612298072 0.09221501390176089 0.040125065138092754 0.056533827618164965
4 0.9168837936425221 0.04911955514365153 0.030745179781136008 0.024096385542168676
4 0.9416362688900469 0.04680259499536608 0.030224075039082855 0.03243744207599629
4 0.9757686294945284 0.04865616311399444 0.04325169359041167 0.03243744207599629
4 0.9729025534132361 0.8799814643188137 0.05002605523710266 0.08989805375347544
4 0.21651902032308493 0.31974050046339203 0.08285565398645128 0.20759962928637626
4 0.3058884835852006 0.3215940685820204 0.08129233976029182 0.20389249304911955
4 0.1993225638353309 0.14318813716404077 0.05471599791558103 0.03243744207599629
4 0.9458051068264721 0.19601482854494903 0.04585721730067743 0.037998146431881374
4 0.9312141740489839 0.14457831325301204 0.1146430432516936 0.03521779425393883
7 0.06305367378843148 0.04911955514365153 0.01771756122980719 0.03707136237256719
7 0.08884835852006254 0.0458758109360519 0.015112037519541427 0.030583873957367932
7 0.1013548723293382 0.04911955514365153 0.01615424700364773 0.027803521779425393
7 0.11620635747785305 0.04958294717330862 0.018759770713913496 0.03429101019462465
7 0.021886399166232414 0.0783132530120482 0.03647733194372069 0.028730305838739572
7 0.023189161021365295 0.10704355885078777 0.042209484106305366 0.030583873957367932
7 0.06383533090151121 0.0963855421686747 0.03804064616988015 0.05375347544022243
7 0.09953100573215216 0.08897126969416126 0.03335070349140177 0.05560704355885079
7 0.1354872329338197 0.09128822984244671 0.04377279833246483 0.05097312326227989
7 0.17118290776446066 0.08943466172381835 0.033871808233454925 0.05282669138090825
7 0.21208963001563313 0.09036144578313253 0.05002605523710266 0.056533827618164965
7 0.3238665971860344 0.09082483781278962 0.03178738926524231 0.051899907321594066
7 0.35278791036998436 0.09314179796107507 0.02918186555497655 0.05468025949953661
7 0.3819697759249609 0.09221501390176089 0.03335070349140177 0.060240963855421686
7 0.4473684210526316 0.09036144578313253 0.03595622720166754 0.060240963855421686
7 0.4835852006253257 0.08943466172381835 0.034392912975508075 0.06580166821130677
4 0.9734236581552892 0.016218721037998145 0.01771756122980719 0.030583873957367932
4 0.9903595622720167 0.013901760889712697 0.010943199583116207 0.025949953660797033
