0 0.5057321521625847 0.48285449490268767 0.4924439812402293 0.45597775718257644
1 0.5062532569046378 0.29842446709916587 0.4893173527879104 0.08897126969416126
5 0.30015633142261594 0.4902687673772011 0.08129233976029182 0.29471733086190915
1 0.5458572173006775 0.4907321594068582 0.41010943199583116 0.2974976830398517
1 0.5054715997915581 0.6756255792400371 0.4940072954663887 0.07599629286376275
7 0.28009379885356955 0.3035217794253939 0.030745179781136008 0.023169601482854494
4 0.3077123501823867 0.3016682113067655 0.015112037519541427 0.026876737720111215
4 0.6169880145909328 0.29981464318813716 0.011464304325169358 0.019462465245597776
4 0.6287128712871287 0.29935125115848005 0.010943199583116207 0.020389249304911955
4 0.27722772277227725 0.33225208526413347 0.023970818134445022 0.017608897126969416
4 0.297029702970297 0.35820203892493047 0.047941636268890045 0.023169601482854494
4 0.29676915059927045 0.38368860055607046 0.047420531526836895 0.024096385542168676
4 0.2972902553413236 0.4036144578313253 0.047420531526836895 0.019462465245597776
4 0.30224075039082854 0.42539388322520855 0.0573215216258468 0.022242817423540315
4 0.28869202709744657 0.4531974050046339 0.03543512245961438 0.025949953660797033
4 0.29129755080771236 0.4768303985171455 0.04064616988014591 0.023169601482854494
4 0.29233976029181863 0.4990732159406858 0.04273058884835852 0.025023169601482854
4 0.2928608650338718 0.5222428174235403 0.041688379364252216 0.021316033364226137
4 0.2936425221469515 0.5426320667284523 0.042209484106305366 0.023169601482854494
4 0.2944241792600313 0.5644114921223355 0.04377279833246483 0.025949953660797033
4 0.2918186555497655 0.58758109360519 0.039603960396039604 0.020389249304911955
4 0.2928608650338718 0.6061167747914736 0.041688379364252216 0.020389249304911955
4 0.2975508077123502 0.6302131603336423 0.06044815007816571 0.016682113067655237
9 0.3371547681083898 0.4907321594068582 0.009379885356956748 0.293790546802595
9 0.4765502866076081 0.6297497683039852 0.27045336112558627 0.017608897126969416
4 0.4820218863991662 0.38693234476367006 0.2584679520583637 0.025023169601482854
4 0.48176133402813964 0.4077849860982391 0.26003126628452317 0.022242817423540315
4 0.4825429911412194 0.42539388322520855 0.26055237102657636 0.022242817423540315
4 0.4825429911412194 0.4448563484708063 0.26159458051068263 0.020389249304911955
4 0.48228243877019283 0.4633920296570899 0.2621156852527358 0.024096385542168676
4 0.6938509640437728 0.6589434661723819 0.09953100573215216 0.024096385542168676
4 0.6683168316831684 0.6862835959221502 0.045336112558624284 0.021316033364226137
4 0.720166753517457 0.6867469879518072 0.04585721730067743 0.025949953660797033
4 0.6964564877540386 0.33225208526413347 0.02344971339239187 0.021316033364226137
4 0.7196456487754038 0.33178869323447635 0.019801980198019802 0.020389249304911955
4 0.7381448671182907 0.33178869323447635 0.01615424700364773 0.024096385542168676
4 0.6313183949973945 0.6589434661723819 0.020323084940072955 0.029657089898053754
4 0.4682126107347577 0.3002780352177943 0.2829598749348619 0.018535681186283594
