0 0.5005211047420531 0.4833178869323448 0.416362688900469 0.5662650602409639
4 0.6352266805627931 0.21686746987951808 0.034392912975508075 0.03151065801668211
4 0.6633663366336634 0.216404077849861 0.015633142261594582 0.03243744207599629
4 0.6771756122980719 0.21501390176088972 0.009900990099009901 0.03521779425393883
4 0.34549244398124024 0.35959221501390176 0.10734757686294945 0.057460611677479144
4 0.3470557582073997 0.41890639481000924 0.10943199583116206 0.061167747914735865
4 0.3470557582073997 0.4819277108433735 0.11151641479937467 0.06487488415199258
4 0.3465346534653465 0.5458758109360519 0.11047420531526837 0.05375347544022243
4 0.34627410109431994 0.5936051899907322 0.10995310057321521 0.07506950880444857
4 0.3460135487232934 0.6631139944392956 0.10838978634705576 0.07692307692307693
4 0.5625325690463783 0.6765523632993512 0.11412193850964043 0.09082483781278962
4 0.6800416883793643 0.3526413345690454 0.04377279833246483 0.037998146431881374
4 0.6982803543512246 0.29564411492122333 0.019801980198019802 0.033364226135310475
1 0.49947889525794686 0.2645968489341983 0.4153204794163627 0.13067655236329936
1 0.34679520583637313 0.5454124189063948 0.11099531005732152 0.4365152919369787
1 0.554715997915581 0.5481927710843374 0.3110995310057322 0.44207599629286376
4 0.6899426784783742 0.21362372567191845 0.010422094841063054 0.03429101019462465
4 0.699843668577384 0.21501390176088972 0.01354872329338197 0.03521779425393883
