0 0.4924439812402293 0.3493975903614458 0.27722772277227725 0.4633920296570899
4 0.3843147472642001 0.206209453197405 0.047420531526836895 0.09916589434661724
4 0.3845752996352267 0.3382761816496756 0.04898384575299635 0.1056533827618165
4 0.4319958311620636 0.3392029657089898 0.047941636268890045 0.10379981464318813
4 0.47837415320479415 0.34244670991658943 0.04898384575299635 0.1010194624652456
4 0.3845752996352267 0.4425393883225209 0.04689942678478374 0.11214087117701575
4 0.43225638353309015 0.44346617238183506 0.04950495049504951 0.1102873030583874
4 0.4801980198019802 0.44300278035217794 0.045336112558624284 0.10194624652455977
4 0.3819697759249609 0.5389249304911955 0.044815007816571134 0.03243744207599629
4 0.3822303282959875 0.567191844300278 0.045336112558624284 0.025949953660797033
4 0.5956227201667535 0.47868396663577384 0.04898384575299635 0.03429101019462465
