0 0.5032051282051282 0.5081730769230769 0.558974358974359 0.6086538461538461
1 0.503525641025641 0.22139423076923076 0.5551282051282052 0.03317307692307692
1 0.3038461538461538 0.5225961538461539 0.15833333333333333 0.5826923076923077
1 0.5826923076923077 0.521875 0.3993589743589744 0.5822115384615385
4 0.30432692307692305 0.2762019230769231 0.1580128205128205 0.04567307692307692
4 0.3038461538461538 0.31153846153846154 0.15897435897435896 0.04038461538461539
4 0.30464743589743587 0.34783653846153845 0.15737179487179487 0.046634615384615385
4 0.3038461538461538 0.3872596153846154 0.15833333333333333 0.041826923076923074
4 0.2745192307692308 0.7283653846153846 0.07916666666666666 0.032692307692307694
4 0.2918269230769231 0.7627403846153846 0.11506410256410256 0.02548076923076923
4 0.5003205128205128 0.3701923076923077 0.06666666666666667 0.022115384615384617
4 0.5645833333333333 0.37067307692307694 0.04262820512820513 0.021153846153846155
4 0.7105769230769231 0.33966346153846155 0.07948717948717948 0.03221153846153846
4 0.6958333333333333 0.45216346153846154 0.08012820512820513 0.03317307692307692
4 0.6951923076923077 0.5817307692307693 0.08141025641025641 0.03365384615384615
4 0.42580128205128204 0.6569711538461539 0.05737179487179487 0.01875
4 0.4254807692307692 0.6887019230769231 0.058653846153846154 0.023557692307692307
2 0.5703525641025641 0.4528846153846154 0.35993589743589743 0.06442307692307692
2 0.5705128205128205 0.58125 0.36025641025641025 0.06634615384615385
4 0.7068910256410257 0.21923076923076923 0.01826923076923077 0.021153846153846155
7 0.7360576923076924 0.21899038461538461 0.023397435897435898 0.01971153846153846
4 0.7660256410256411 0.21995192307692307 0.02435897435897436 0.021634615384615384
