0 0.5012820512820513 0.4776442307692308 0.3608974358974359 0.5014423076923077
1 0.5003205128205128 0.24783653846153847 0.35512820512820514 0.03894230769230769
1 0.49935897435897436 0.4908653846153846 0.3557692307692308 0.45576923076923076
4 0.34935897435897434 0.2826923076923077 0.04487179487179487 0.021153846153846155
4 0.39150641025641025 0.27908653846153847 0.05416666666666667 0.027403846153846154
8 0.5094551282051282 0.41201923076923075 0.09134615384615384 0.021153846153846155
4 0.5020833333333333 0.4341346153846154 0.07916666666666666 0.019230769230769232
4 0.5591346153846154 0.4560096153846154 0.19326923076923078 0.026442307692307692
4 0.5605769230769231 0.4798076923076923 0.2 0.02980769230769231
4 0.5586538461538462 0.5069711538461539 0.19615384615384615 0.027403846153846154
4 0.559775641025641 0.5521634615384615 0.19647435897435897 0.029326923076923077
4 0.5604166666666667 0.5800480769230769 0.19775641025641025 0.02451923076923077
4 0.5891025641025641 0.6975961538461538 0.05512820512820513 0.03365384615384615
4 0.642147435897436 0.6963942307692308 0.055448717948717946 0.03413461538461538
4 0.33974358974358976 0.696875 0.023717948717948717 0.03317307692307692
4 0.6625 0.2466346153846154 0.014743589743589743 0.021153846153846155
