8 0.691025641025641 0.29302884615384617 0.03141025641025641 0.02451923076923077
8 0.6913461538461538 0.3473557692307692 0.03076923076923077 0.022596153846153846
8 0.6908653846153846 0.3992788461538462 0.028525641025641025 0.027403846153846154
8 0.6908653846153846 0.44903846153846155 0.02980769230769231 0.026923076923076925
8 0.6916666666666667 0.5021634615384616 0.03141025641025641 0.02451923076923077
8 0.6908653846153846 0.5579326923076923 0.02980769230769231 0.02451923076923077
8 0.6908653846153846 0.6069711538461539 0.02980769230769231 0.026442307692307692
8 0.690224358974359 0.7132211538461538 0.02980769230769231 0.02548076923076923
8 0.6908653846153846 0.7704326923076923 0.02980769230769231 0.026442307692307692
0 0.5802884615384616 0.515625 0.28557692307692306 0.6129807692307693
1 0.58125 0.4216346153846154 0.2862179487179487 0.43365384615384617
1 0.5802884615384616 0.7271634615384616 0.28557692307692306 0.18990384615384615
