4 0.42788461538461536 0.7396634615384615 0.058333333333333334 0.022596153846153846
4 0.42740384615384613 0.7733173076923077 0.05737179487179487 0.02548076923076923
1 0.5701923076923077 0.44302884615384613 0.358974358974359 0.2706730769230769
1 0.5700320512820513 0.6615384615384615 0.3592948717948718 0.07019230769230769
4 0.6932692307692307 0.3403846153846154 0.07948717948717948 0.03461538461538462
4 0.5581730769230769 0.4233173076923077 0.14262820512820512 0.027403846153846154
4 0.5099358974358974 0.4752403846153846 0.06153846153846154 0.01971153846153846
4 0.5213141025641026 0.5052884615384615 0.08365384615384615 0.023076923076923078
4 0.5046474358974359 0.5353365384615385 0.04903846153846154 0.022596153846153846
4 0.6280448717948718 0.4757211538461538 0.041346153846153845 0.02548076923076923
4 0.6408653846153847 0.5052884615384615 0.06634615384615385 0.023076923076923078
8 0.7078525641025641 0.6603365384615385 0.05608974358974359 0.03317307692307692
0 0.5727564102564102 0.521875 0.41923076923076924 0.5841346153846154
2 0.5705128205128205 0.33942307692307694 0.36025641025641025 0.06923076923076923
2 0.5701923076923077 0.41009615384615383 0.3608974358974359 0.08269230769230769
2 0.5703525641025641 0.5132211538461539 0.36185897435897435 0.13317307692307692
