0 0.5005211047420531 0.09128822984244671 0.9989577905158937 0.05468025949953661
7 0.02501302761855133 0.07924003707136237 0.034392912975508075 0.023169601482854494
7 0.023970818134445022 0.10379981464318813 0.03335070349140177 0.024096385542168676
7 0.06670140698280354 0.09267840593141798 0.02709744658676394 0.04819277108433735
7 0.09848879624804585 0.0917516218721038 0.018759770713913496 0.04819277108433735
7 0.12767066180302242 0.09267840593141798 0.023970818134445022 0.05004633920296571
7 0.16023970818134445 0.09221501390176089 0.022407503908285567 0.047265987025023166
7 0.19671704012506513 0.09128822984244671 0.02553413236060448 0.047265987025023166
7 0.22720166753517457 0.09267840593141798 0.016675351745700884 0.04633920296570899
7 0.2569046378322043 0.09406858202038924 0.020844189682126108 0.04911955514365153
7 0.28608650338718083 0.09221501390176089 0.018759770713913496 0.04911955514365153
7 0.3150078165711308 0.09267840593141798 0.017196456487754037 0.04633920296570899
7 0.3444502344971339 0.0917516218721038 0.016675351745700884 0.04633920296570899
7 0.3744137571651902 0.09221501390176089 0.020323084940072955 0.04355885078776645
7 0.40958832725377803 0.0917516218721038 0.026055237102657634 0.04448563484708063
7 0.44319958311620633 0.09267840593141798 0.01928087545596665 0.04633920296570899
7 0.47628973423658155 0.09267840593141798 0.022928608650338717 0.042632066728452274
7 0.5096404377279833 0.09267840593141798 0.02501302761855133 0.042632066728452274
