8 0.6806089743589744 0.2742788461538462 0.06634615384615385 0.03028846153846154
8 0.4798076923076923 0.6064903846153846 0.0532051282051282 0.06009615384615385
8 0.5278846153846154 0.6055288461538462 0.052564102564102565 0.06009615384615385
8 0.5801282051282052 0.6060096153846154 0.05064102564102564 0.05913461538461538
8 0.6310897435897436 0.6050480769230769 0.05 0.061057692307692306
8 0.4791666666666667 0.6663461538461538 0.051923076923076926 0.06442307692307692
8 0.5288461538461539 0.6689903846153846 0.05064102564102564 0.061057692307692306
8 0.5820512820512821 0.6685096153846154 0.05128205128205128 0.06201923076923077
8 0.6310897435897436 0.6694711538461539 0.052564102564102565 0.055288461538461536
8 0.47724358974358977 0.7326923076923076 0.052564102564102565 0.05961538461538462
8 0.5296474358974359 0.7300480769230769 0.052243589743589745 0.05432692307692308
8 0.5801282051282052 0.7298076923076923 0.05064102564102564 0.058653846153846154
8 0.6318910256410256 0.7314903846153846 0.05416666666666667 0.05144230769230769
8 0.47660256410256413 0.7908653846153846 0.05128205128205128 0.058653846153846154
8 0.5291666666666667 0.7913461538461538 0.05128205128205128 0.057692307692307696
0 0.5822115384615385 0.5170673076923077 0.28365384615384615 0.6100961538461539
1 0.5794871794871795 0.3778846153846154 0.2826923076923077 0.32884615384615384
1 0.5814102564102565 0.6783653846153846 0.2858974358974359 0.2846153846153846
