1 0.49973944762897343 0.29147358665430956 0.5106826472120897 0.08063021316033364
1 0.49947889525794686 0.494902687673772 0.5101615424700364 0.329935125115848
4 0.2837415320479416 0.29610750695088045 0.04429390307451798 0.06765523632993513
4 0.3324648254299114 0.2942539388322521 0.03647733194372069 0.06950880444856349
4 0.3697238144867118 0.29518072289156627 0.03908285565398645 0.0639481000926784
4 0.41245440333507033 0.2979610750695088 0.0297029702970297 0.05838739573679333
4 0.4533611255862428 0.2974976830398517 0.031266284523189164 0.05931417979610751
4 0.4958311620635748 0.2942539388322521 0.040125065138092754 0.06209453197405004
4 0.5372589890568004 0.29471733086190915 0.04377279833246483 0.06487488415199258
4 0.6534653465346535 0.3076923076923077 0.055237102657634186 0.03151065801668211
7 0.7068785825951016 0.3063021316033364 0.05158936946326212 0.028730305838739572
4 0.5 0.5041705282669138 0.4705575820739969 0.3113994439295644
1 0.4979155810317874 0.7103799814643188 0.5132881709223553 0.0917516218721038
8 0.31735278791036997 0.6927710843373494 0.0385617509119333 0.017608897126969416
8 0.36060448150078167 0.6936978683966636 0.039603960396039604 0.025023169601482854
8 0.3152683689421574 0.7210379981464319 0.03751954142782699 0.025949953660797033
8 0.3603439291297551 0.7210379981464319 0.03178738926524231 0.025949953660797033
7 0.43694632621156854 0.7238183503243745 0.11516414799374675 0.022242817423540315
9 0.45205836373110997 0.6881371640407785 0.068264721208963 0.03243744207599629
9 0.5476810838978635 0.6913809082483782 0.10213652944241793 0.03707136237256719
4 0.6847316310578426 0.6955514365152919 0.10005211047420531 0.05468025949953661
0 0.49817613340281397 0.5027803521779426 0.5106826472120897 0.505097312326228
