0 0.0859822824387702 0.5254865616311399 0.1709223553934341 0.8174235403151066
1 0.010422094841063054 0.525949953660797 0.019801980198019802 0.8183503243744208
5 0.0969254820218864 0.5264133456904542 0.1521625846795206 0.8174235403151066
4 0.008598228243877019 0.1422613531047266 0.015112037519541427 0.03243744207599629
4 0.01068264721208963 0.17979610750695088 0.01928087545596665 0.03521779425393883
4 0.008858780614903595 0.2154772937905468 0.016675351745700884 0.03429101019462465
4 0.009640437727983325 0.2562557924003707 0.018238665971860343 0.030583873957367932
4 0.009379885356956748 0.293790546802595 0.016675351745700884 0.03521779425393883
4 0.1453882230328296 0.1376274328081557 0.014590932777488274 0.019462465245597776
4 0.1607608129233976 0.1417979610750695 0.013027618551328817 0.03521779425393883
9 0.1662324127149557 0.5468025949953661 0.012506513809275664 0.7803521779425394
4 0.09093277748827515 0.2919369786839666 0.09848879624804585 0.24096385542168675
4 0.09379885356956748 0.5421686746987951 0.0969254820218864 0.23354958294717332
4 0.09275664408546118 0.7956441149212233 0.0969254820218864 0.24559777571825764
