0 0.5007816571130798 0.5454124189063948 0.5127670661803022 0.4309545875810936
1 0.5002605523710266 0.49675625579240035 0.5096404377279833 0.33549582947173306
1 0.5013027618551329 0.7103799814643188 0.5117248566961959 0.09360518999073215
4 0.5 0.5009267840593142 0.4705575820739969 0.30676552363299353
8 0.31683168316831684 0.6895273401297498 0.041688379364252216 0.025949953660797033
8 0.36060448150078167 0.6899907321594069 0.04064616988014591 0.023169601482854494
8 0.31657113079729027 0.7215013901760889 0.040125065138092754 0.026876737720111215
8 0.3603439291297551 0.7215013901760889 0.03491401771756123 0.025023169601482854
7 0.43824908806670143 0.7242817423540315 0.12089630015633142 0.028730305838739572
9 0.4559666492965086 0.6886005560704356 0.06878582595101615 0.024096385542168676
9 0.5492443981240229 0.6899907321594069 0.10317873892652424 0.028730305838739572
4 0.684471078686816 0.696014828544949 0.10161542470036478 0.05560704355885079
