0 0.500801282051282 0.48221153846153847 0.9971153846153846 0.9625
1 0.5 0.015865384615384615 0.9987179487179487 0.027884615384615386
1 0.10496794871794872 0.49230769230769234 0.2092948717948718 0.9403846153846154
1 0.6019230769230769 0.49206730769230766 0.7961538461538461 0.9466346153846154
4 0.1891025641025641 0.046153846153846156 0.020512820512820513 0.026923076923076925
4 0.18942307692307692 0.09326923076923077 0.02564102564102564 0.03942307692307692
4 0.027564102564102563 0.14615384615384616 0.025 0.04038461538461539
4 0.07628205128205129 0.1449519230769231 0.026923076923076925 0.04278846153846154
4 0.12980769230769232 0.14326923076923076 0.032692307692307694 0.05
4 0.18349358974358973 0.1439903846153846 0.027884615384615386 0.05336538461538461
4 0.17884615384615385 0.25432692307692306 0.03974358974358974 0.0375
4 0.6030448717948718 0.39014423076923077 0.09903846153846153 0.04567307692307692
4 0.9134615384615384 0.06322115384615384 0.03333333333333333 0.04375
4 0.9427884615384615 0.0641826923076923 0.030448717948717948 0.04375
4 0.9774038461538461 0.06201923076923077 0.028525641025641025 0.04807692307692308
4 0.9245192307692308 0.01201923076923077 0.014423076923076924 0.020192307692307693
4 0.9544871794871795 0.01201923076923077 0.01987179487179487 0.022115384615384617
4 0.9841346153846153 0.0125 0.022115384615384617 0.019230769230769232
4 0.8052884615384616 0.9103365384615385 0.03365384615384615 0.052403846153846155
4 0.8349358974358975 0.909375 0.032692307692307694 0.052403846153846155
4 0.8661858974358975 0.9088942307692308 0.033012820512820513 0.05144230769230769
4 0.8985576923076923 0.9103365384615385 0.03365384615384615 0.04375
4 0.3123397435897436 0.9110576923076923 0.022115384615384617 0.03653846153846154
