0 0.5030448717948718 0.48197115384615385 0.29775641025641025 0.6399038461538461
1 0.5025641025641026 0.1704326923076923 0.2967948717948718 0.023557692307692307
1 0.5030448717948718 0.4877403846153846 0.29775641025641025 0.6216346153846154
4 0.44310897435897434 0.43125 0.058653846153846154 0.025961538461538463
4 0.5221153846153846 0.4966346153846154 0.07243589743589744 0.038461538461538464
4 0.5947115384615385 0.49591346153846155 0.07275641025641026 0.03990384615384615
4 0.5028846153846154 0.5975961538461538 0.2564102564102564 0.05673076923076923
4 0.3908653846153846 0.7887019230769231 0.03493589743589744 0.02451923076923077
4 0.4395833333333333 0.7887019230769231 0.05416666666666667 0.020673076923076922
4 0.4807692307692308 0.7894230769230769 0.01858974358974359 0.019230769230769232
4 0.5809294871794872 0.17115384615384616 0.023397435897435898 0.016346153846153847
4 0.6386217948717948 0.17115384615384616 0.023397435897435898 0.025
7 0.6083333333333333 0.17067307692307693 0.021153846153846155 0.021153846153846155
