0 0.8876602564102564 0.5165865384615385 0.20352564102564102 0.80625
1 0.888301282051282 0.12788461538461537 0.20416666666666666 0.022115384615384617
8 0.8745192307692308 0.17668269230769232 0.17403846153846153 0.023557692307692307
8 0.8756410256410256 0.19807692307692307 0.17435897435897435 0.022115384615384617
8 0.8774038461538461 0.21610576923076924 0.17596153846153847 0.01971153846153846
8 0.8743589743589744 0.23317307692307693 0.175 0.021153846153846155
8 0.8762820512820513 0.253125 0.17692307692307693 0.01875
8 0.8753205128205128 0.27139423076923075 0.17692307692307693 0.017788461538461538
8 0.8759615384615385 0.28966346153846156 0.17692307692307693 0.020673076923076922
8 0.8737179487179487 0.3079326923076923 0.17756410256410257 0.016826923076923076
4 0.7951923076923076 0.15096153846153845 0.014743589743589743 0.02403846153846154
4 0.8125 0.1516826923076923 0.014743589743589743 0.022596153846153846
4 0.7955128205128205 0.3625 0.015384615384615385 0.02403846153846154
4 0.8112179487179487 0.3629807692307692 0.015384615384615385 0.025
7 0.9647435897435898 0.3612980769230769 0.01730769230769231 0.023557692307692307
1 0.9809294871794871 0.5276442307692307 0.020192307692307693 0.7879807692307692
1 0.8802884615384615 0.5286057692307692 0.19262820512820514 0.7899038461538461
7 0.8798076923076923 0.4971153846153846 0.19166666666666668 0.026923076923076925
8 0.8395833333333333 0.44182692307692306 0.0516025641025641 0.01730769230769231
8 0.8389423076923077 0.46033653846153844 0.05032051282051282 0.017788461538461538
8 0.8541666666666666 0.41370192307692305 0.1346153846153846 0.02451923076923077
4 0.9354166666666667 0.4125 0.025961538461538463 0.03076923076923077
4 0.9517628205128205 0.4028846153846154 0.014423076923076924 0.01826923076923077
4 0.9525641025641025 0.41971153846153847 0.013461538461538462 0.01730769230769231
4 0.9809294871794871 0.3192307692307692 0.016987179487179486 0.09519230769230769
4 0.9823717948717948 0.24278846153846154 0.017948717948717947 0.07307692307692308
4 0.982051282051282 0.17427884615384615 0.017948717948717947 0.07451923076923077
4 0.9815705128205128 0.375 0.013141025641025641 0.022115384615384617
4 0.9674679487179487 0.12620192307692307 0.011858974358974358 0.016826923076923076
4 0.9817307692307692 0.12548076923076923 0.01217948717948718 0.01826923076923077
9 0.8794871794871795 0.3350961538461538 0.18205128205128204 0.021153846153846155
9 0.9674679487179487 0.24591346153846153 0.013141025641025641 0.16298076923076923
