0 0.5 0.5403151065801668 0.9989577905158937 0.8433734939759037
4 0.1354872329338197 0.4221501390176089 0.2365815528921313 0.5495829471733086
4 0.37363210005211045 0.41797961075069506 0.22720166753517457 0.5468025949953661
4 0.6083897863470558 0.4184430027803522 0.23710265763418448 0.556997219647822
4 0.8478374153204794 0.41797961075069506 0.2376237623762376 0.5560704355885079
4 0.14252214695153725 0.8345690454124189 0.2037519541427827 0.20852641334569044
4 0.37754038561750913 0.8364226135310473 0.21208963001563313 0.20481927710843373
4 0.6151641479937467 0.8317886932344764 0.2068785825951016 0.20296570898980537
4 0.8496612819176654 0.8331788693234476 0.2079207920792079 0.20389249304911955
5 0.49973944762897343 0.5264133456904542 0.9984366857738406 0.8155699721964782
1 0.5005211047420531 0.9481000926784059 0.9968733715476811 0.029657089898053754
4 0.9153204794163627 0.9499536607970342 0.015112037519541427 0.022242817423540315
4 0.9820218863991662 0.9494902687673772 0.01615424700364773 0.026876737720111215
9 0.9481500781657113 0.9504170528266914 0.05054715997915581 0.023169601482854494
9 0.995049504950495 0.525949953660797 0.009900990099009901 0.8146431881371641
