0 0.5390828556539865 0.48887859128822986 0.9218342886920271 0.8109360518999074
4 0.09979155810317875 0.15477293790546803 0.03908285565398645 0.06302131603336422
4 0.13939551849921833 0.15430954587581094 0.03804064616988015 0.06765523632993513
4 0.17873892652423137 0.1524559777571826 0.0385617509119333 0.0732159406858202
4 0.21651902032308493 0.15338276181649677 0.03699843668577384 0.0732159406858202
4 0.25586242834809797 0.15430954587581094 0.0385617509119333 0.07506950880444857
4 0.295205836373111 0.15523632993512512 0.03699843668577384 0.07692307692307693
4 0.3348097967691506 0.1561631139944393 0.042209484106305366 0.08433734939759036
4 0.37415320479416364 0.14967562557924002 0.03647733194372069 0.07136237256719184
4 0.41219385096404376 0.15013901760889714 0.03647733194372069 0.07228915662650602
4 0.45101615424700364 0.1524559777571826 0.040125065138092754 0.07506950880444857
4 0.4940072954663887 0.15430954587581094 0.044815007816571134 0.07506950880444857
1 0.5385617509119333 0.09453197405004633 0.9197498697238145 0.027803521779425393
1 0.5398645127670662 0.5032437442075997 0.9202709744658676 0.7859128822984245
