0 0.5003205128205128 0.47716346153846156 0.5307692307692308 0.7283653846153846
1 0.5001602564102564 0.1372596153846154 0.5278846153846154 0.04278846153846154
1 0.5001602564102564 0.49759615384615385 0.5278846153846154 0.6759615384615385
4 0.33814102564102566 0.5127403846153846 0.05705128205128205 0.05721153846153846
4 0.4391025641025641 0.5125 0.14294871794871794 0.06057692307692308
4 0.5408653846153846 0.5137019230769231 0.058012820512820515 0.06201923076923077
4 0.5996794871794872 0.5115384615384615 0.057692307692307696 0.0625
4 0.6588141025641026 0.5122596153846154 0.058653846153846154 0.06394230769230769
4 0.3490384615384615 0.5747596153846154 0.13525641025641025 0.06009615384615385
4 0.47644230769230766 0.5740384615384615 0.11955128205128206 0.06153846153846154
4 0.5759615384615384 0.5752403846153846 0.07948717948717948 0.06201923076923077
4 0.6666666666666666 0.5742788461538462 0.10256410256410256 0.06201923076923077
4 0.40352564102564104 0.6350961538461538 0.0891025641025641 0.06634615384615385
4 0.48878205128205127 0.6370192307692307 0.08141025641025641 0.0673076923076923
4 0.5591346153846154 0.6365384615384615 0.05608974358974359 0.06634615384615385
4 0.6171474358974359 0.6353365384615385 0.05929487179487179 0.06298076923076923
4 0.4733974358974359 0.8115384615384615 0.04294871794871795 0.025961538461538463
4 0.5222756410256411 0.8117788461538461 0.049679487179487176 0.029326923076923077
4 0.7443910256410257 0.13701923076923078 0.020833333333333332 0.023076923076923078
