4 0.41896821261073475 0.49582947173308617 0.2292860865033872 0.5023169601482854
1 0.4207920792079208 0.2743280815569972 0.22772277227722773 0.05931417979610751
1 0.4207920792079208 0.3707136237256719 0.22980719124544033 0.13531047265987026
1 0.4207920792079208 0.48980537534754404 0.22772277227722773 0.09360518999073215
1 0.42027097446586764 0.5750695088044485 0.22876498176133403 0.07692307692307693
1 0.4205315268368942 0.6779425393883225 0.22824387701928087 0.13438368860055608
8 0.3710265763418447 0.33225208526413347 0.11985409067222512 0.023169601482854494
8 0.3877019280875456 0.35542168674698793 0.1563314226159458 0.023169601482854494
8 0.3751954142782699 0.37720111214087115 0.13340281396560708 0.022242817423540315
8 0.3744137571651902 0.3989805375347544 0.13079729025534131 0.023169601482854494
8 0.3546117769671704 0.4221501390176089 0.09327774882751433 0.023169601482854494
8 0.38040646169880143 0.47405004633920295 0.14069828035435122 0.025023169601482854
8 0.41818655549765504 0.5778498609823911 0.21834288692027098 0.04170528266913809
8 0.33298593017196454 0.6631139944392956 0.04273058884835852 0.025023169601482854
8 0.3910891089108911 0.6640407784986099 0.047420531526836895 0.026876737720111215
8 0.33324648254299116 0.6890639481000926 0.04325169359041167 0.025023169601482854
8 0.3921313183949974 0.6918443002780352 0.0484627410109432 0.026876737720111215
4 0.4890568004168838 0.7145505097312326 0.07034914017717561 0.025949953660797033
4 0.4890568004168838 0.6691380908248378 0.07034914017717561 0.027803521779425393
4 0.4989577905158937 0.5055607043558851 0.05054715997915581 0.023169601482854494
