0 0.5011217948717949 0.48125 0.9977564102564103 0.9605769230769231
1 0.5017628205128205 0.0125 0.996474358974359 0.023076923076923078
1 0.10480769230769231 0.49254807692307695 0.20897435897435898 0.9466346153846154
1 0.5996794871794872 0.48846153846153845 0.8006410256410257 0.9538461538461539
4 0.1892628205128205 0.046153846153846156 0.023397435897435898 0.025
4 0.1891025641025641 0.08942307692307692 0.025 0.038461538461538464
4 0.18125 0.14326923076923076 0.029166666666666667 0.04807692307692308
4 0.12868589743589742 0.14375 0.030448717948717948 0.047115384615384615
4 0.07724358974358975 0.14350961538461537 0.026282051282051282 0.04375
4 0.02564102564102564 0.1423076923076923 0.02564102564102564 0.04807692307692308
4 0.04807692307692308 0.19951923076923078 0.0891025641025641 0.04038461538461539
4 0.1485576923076923 0.19951923076923078 0.10608974358974359 0.03173076923076923
4 0.10336538461538461 0.29254807692307694 0.1996794871794872 0.05336538461538461
4 0.10336538461538461 0.346875 0.20224358974358975 0.05336538461538461
4 0.10304487179487179 0.403125 0.2016025641025641 0.05432692307692308
4 0.8003205128205129 0.20528846153846153 0.07179487179487179 0.03942307692307692
4 0.4841346153846154 0.6466346153846154 0.09326923076923077 0.046153846153846156
4 0.7213141025641026 0.6471153846153846 0.07916666666666666 0.04230769230769231
4 0.6033653846153846 0.9314903846153846 0.07147435897435897 0.023557692307692307
4 0.7012820512820512 0.9040865384615384 0.046153846153846156 0.020673076923076922
4 0.9259615384615385 0.016826923076923076 0.01730769230769231 0.021153846153846155
4 0.9535256410256411 0.014663461538461538 0.019230769230769232 0.02548076923076923
4 0.9836538461538461 0.01514423076923077 0.01858974358974359 0.026442307692307692
