0 0.8876602564102564 0.5036057692307693 0.2048076923076923 0.7850961538461538
1 0.8876602564102564 0.12548076923076923 0.20352564102564102 0.03076923076923077
1 0.88125 0.17740384615384616 0.18685897435897436 0.07403846153846154
4 0.8001602564102565 0.15841346153846153 0.020833333333333332 0.03221153846153846
4 0.8174679487179487 0.15576923076923077 0.016987179487179486 0.03365384615384615
4 0.967948717948718 0.12548076923076923 0.01282051282051282 0.016346153846153847
1 0.9814102564102564 0.5170673076923077 0.017948717948717947 0.7620192307692307
5 0.8799679487179487 0.5512019230769231 0.19134615384615383 0.6879807692307692
4 0.9814102564102564 0.12620192307692307 0.013461538461538462 0.01971153846153846
4 0.9810897435897435 0.3752403846153846 0.015384615384615385 0.022596153846153846
8 0.98125 0.25072115384615384 0.01826923076923077 0.23125
