0 0.4830128205128205 0.5543269230769231 0.7243589743589743 0.4721153846153846
1 0.4830128205128205 0.33076923076923076 0.7237179487179487 0.025
1 0.4830128205128205 0.37235576923076924 0.7243589743589743 0.058173076923076925
1 0.4841346153846154 0.7776442307692307 0.7246794871794872 0.026442307692307692
1 0.4826923076923077 0.42091346153846154 0.725 0.05144230769230769
5 0.17147435897435898 0.6048076923076923 0.10128205128205128 0.3278846153846154
1 0.5326923076923077 0.6036057692307693 0.625 0.3264423076923077
2 0.15512820512820513 0.37115384615384617 0.06794871794871794 0.05673076923076923
2 0.2794871794871795 0.37259615384615385 0.19423076923076923 0.05961538461538462
2 0.43157051282051284 0.3716346153846154 0.12467948717948718 0.05961538461538462
2 0.6653846153846154 0.37115384615384617 0.3596153846153846 0.05673076923076923
4 0.7701923076923077 0.33221153846153845 0.013461538461538462 0.01730769230769231
4 0.7996794871794872 0.3314903846153846 0.016666666666666666 0.01875
4 0.8293269230769231 0.33197115384615383 0.015064102564102564 0.01971153846153846
4 0.15512820512820513 0.37091346153846155 0.04358974358974359 0.03125
7 0.2032051282051282 0.3730769230769231 0.016666666666666666 0.025961538461538463
7 0.23365384615384616 0.3733173076923077 0.01987179487179487 0.026442307692307692
7 0.2644230769230769 0.37451923076923077 0.019230769230769232 0.027884615384615386
7 0.29455128205128206 0.37451923076923077 0.020512820512820513 0.027884615384615386
7 0.32596153846153847 0.37451923076923077 0.01858974358974359 0.027884615384615386
7 0.3564102564102564 0.3752403846153846 0.01730769230769231 0.027403846153846154
4 0.4041666666666667 0.3730769230769231 0.046794871794871795 0.035576923076923075
4 0.46025641025641023 0.37283653846153847 0.04423076923076923 0.03413461538461538
4 0.5072115384615384 0.37259615384615385 0.01955128205128205 0.03173076923076923
7 0.13701923076923078 0.42139423076923077 0.016987179487179486 0.026442307692307692
7 0.15833333333333333 0.42115384615384616 0.01730769230769231 0.025961538461538463
7 0.1780448717948718 0.41923076923076924 0.011858974358974358 0.01730769230769231
4 0.19743589743589743 0.4216346153846154 0.014743589743589743 0.025961538461538463
4 0.2298076923076923 0.4201923076923077 0.007692307692307693 0.015384615384615385
4 0.24791666666666667 0.4206730769230769 0.027243589743589744 0.01730769230769231
4 0.2655448717948718 0.4206730769230769 0.008653846153846154 0.014423076923076924
4 0.29599358974358975 0.42139423076923077 0.052243589743589745 0.020673076923076922
4 0.32724358974358975 0.41947115384615385 0.008333333333333333 0.016826923076923076
4 0.34118589743589745 0.42115384615384616 0.01955128205128205 0.021153846153846155
4 0.3548076923076923 0.42139423076923077 0.007051282051282051 0.020673076923076922
4 0.3753205128205128 0.4216346153846154 0.03205128205128205 0.021153846153846155
4 0.3969551282051282 0.41947115384615385 0.006730769230769231 0.016826923076923076
4 0.4200320512820513 0.42259615384615384 0.038141025641025644 0.021153846153846155
4 0.44471153846153844 0.4216346153846154 0.008012820512820512 0.01826923076923077
4 0.3939102564102564 0.421875 0.36666666666666664 0.029326923076923077
4 0.5836538461538462 0.4201923076923077 0.013461538461538462 0.02403846153846154
4 0.6057692307692307 0.42139423076923077 0.013461538461538462 0.021634615384615384
4 0.7302884615384615 0.42091346153846154 0.22275641025641027 0.03701923076923077
4 0.16778846153846153 0.4620192307692308 0.0919871794871795 0.027884615384615386
4 0.1674679487179487 0.4913461538461538 0.09262820512820513 0.03076923076923077
4 0.16778846153846153 0.5225961538461539 0.0907051282051282 0.03076923076923077
4 0.16778846153846153 0.5543269230769231 0.0907051282051282 0.03076923076923077
4 0.16650641025641025 0.5865384615384616 0.09262820512820513 0.03076923076923077
4 0.16698717948717948 0.6177884615384616 0.09230769230769231 0.02980769230769231
4 0.16698717948717948 0.6471153846153846 0.09166666666666666 0.027884615384615386
4 0.16698717948717948 0.6759615384615385 0.09230769230769231 0.02980769230769231
4 0.12996794871794873 0.7153846153846154 0.015064102564102564 0.020192307692307693
4 0.17596153846153847 0.7165865384615384 0.07435897435897436 0.021634615384615384
4 0.12996794871794873 0.7528846153846154 0.014423076923076924 0.025961538461538463
4 0.17596153846153847 0.7524038461538461 0.07435897435897436 0.026923076923076925
8 0.24471153846153845 0.45721153846153845 0.013782051282051282 0.016346153846153847
4 0.3370192307692308 0.4581730769230769 0.17275641025641025 0.03076923076923077
4 0.45 0.45889423076923075 0.06153846153846154 0.03221153846153846
4 0.5301282051282051 0.4584134615384615 0.10833333333333334 0.035096153846153846
4 0.6254807692307692 0.4581730769230769 0.0907051282051282 0.038461538461538464
4 0.6969551282051282 0.4600961538461538 0.06570512820512821 0.03653846153846154
4 0.5326923076923077 0.48870192307692306 0.625 0.03413461538461538
4 0.5326923076923077 0.5192307692307693 0.6243589743589744 0.03173076923076923
4 0.5326923076923077 0.5485576923076924 0.625 0.03076923076923077
4 0.5318910256410256 0.5805288461538461 0.6266025641025641 0.03125
4 0.8190705128205128 0.7776442307692307 0.020192307692307693 0.028365384615384615
4 0.8368589743589744 0.7776442307692307 0.016666666666666666 0.026442307692307692
