0 0.5003205128205128 0.47596153846153844 0.2673076923076923 0.3817307692307692
1 0.5004807692307692 0.30697115384615387 0.2592948717948718 0.03894230769230769
1 0.5 0.49254807692307695 0.2608974358974359 0.33798076923076925
8 0.4286858974358974 0.35216346153846156 0.052884615384615384 0.016826923076923076
8 0.42243589743589743 0.37067307692307694 0.03461538461538462 0.01826923076923077
8 0.42756410256410254 0.3877403846153846 0.046794871794871795 0.016826923076923076
8 0.4205128205128205 0.403125 0.03333333333333333 0.013942307692307693
8 0.41955128205128206 0.4189903846153846 0.03333333333333333 0.014903846153846155
8 0.4219551282051282 0.4324519230769231 0.04455128205128205 0.017788461538461538
8 0.42259615384615384 0.4483173076923077 0.041987179487179484 0.016826923076923076
8 0.4205128205128205 0.4639423076923077 0.03653846153846154 0.015384615384615385
8 0.4200320512820513 0.47860576923076925 0.0342948717948718 0.015865384615384615
8 0.4254807692307692 0.49567307692307694 0.04519230769230769 0.01730769230769231
8 0.422275641025641 0.5084134615384616 0.033012820512820513 0.017788461538461538
8 0.42435897435897435 0.5259615384615385 0.04230769230769231 0.01826923076923077
8 0.43493589743589745 0.5415865384615385 0.06666666666666667 0.015865384615384615
8 0.4288461538461538 0.5567307692307693 0.05448717948717949 0.014423076923076924
4 0.5392628205128205 0.6389423076923076 0.05608974358974359 0.028846153846153848
4 0.5950320512820513 0.6387019230769231 0.05416666666666667 0.03413461538461538
4 0.399198717948718 0.35528846153846155 0.007371794871794872 0.0125
4 0.39871794871794874 0.4935096153846154 0.007051282051282051 0.012980769230769231
4 0.614423076923077 0.30480769230769234 0.015384615384615385 0.020192307692307693
