0 0.09510161542470036 0.5273401297497683 0.15164147993746743 0.8118628359592215
4 0.16023970818134445 0.13948100092678406 0.01615424700364773 0.026876737720111215
4 0.0706096925482022 0.17979610750695088 0.09327774882751433 0.042632066728452274
4 0.12350182386659718 0.17979610750695088 0.016675351745700884 0.03521779425393883
4 0.13861386138613863 0.17794253938832252 0.018759770713913496 0.03892493049119555
8 0.03152683689421574 0.24791473586654308 0.014069828035435123 0.025023169601482854
8 0.03204794163626889 0.27710843373493976 0.010943199583116207 0.025949953660797033
7 0.06435643564356436 0.2205746061167748 0.07764460656591975 0.03521779425393883
7 0.11750911933298593 0.22335495829471733 0.03491401771756123 0.03892493049119555
7 0.15033871808233454 0.22196478220574606 0.027618551328817093 0.04355885078776645
