4 0.5815705128205129 0.29783653846153846 0.2657051282051282 0.06009615384615385
8 0.6911858974358974 0.3997596153846154 0.029166666666666667 0.03317307692307692
8 0.6907051282051282 0.45865384615384613 0.03205128205128205 0.028846153846153848
8 0.6905448717948718 0.5168269230769231 0.030448717948717948 0.025961538461538463
8 0.6913461538461538 0.5728365384615385 0.03076923076923077 0.026442307692307692
4 0.5834935897435898 0.6877403846153847 0.26506410256410257 0.05144230769230769
8 0.6907051282051282 0.740625 0.03205128205128205 0.026442307692307692
4 0.6841346153846154 0.7747596153846154 0.03365384615384615 0.022596153846153846
4 0.46762820512820513 0.7882211538461539 0.04487179487179487 0.03221153846153846
0 0.58125 0.5151442307692308 0.2791666666666667 0.5927884615384615
1 0.5806089743589744 0.4173076923076923 0.2791666666666667 0.4048076923076923
1 0.5814102564102565 0.7182692307692308 0.2814102564102564 0.2
