0 0.167274622199062 0.3215940685820204 0.11255862428348098 0.3985171455050973
4 0.12688900468994269 0.17145505097312327 0.014069828035435123 0.025949953660797033
4 0.14252214695153725 0.17377201112140872 0.017196456487754037 0.025023169601482854
4 0.15893694632621158 0.17330861909175163 0.01771756122980719 0.027803521779425393
4 0.1761334028139656 0.1696014828544949 0.016675351745700884 0.027803521779425393
4 0.1938509640437728 0.17330861909175163 0.015633142261594582 0.03151065801668211
4 0.2102657634184471 0.1705282669138091 0.018238665971860343 0.03151065801668211
4 0.12741010943199582 0.19972196478220575 0.01615424700364773 0.025023169601482854
4 0.14512767066180302 0.20389249304911955 0.020323084940072955 0.033364226135310475
4 0.16102136529442418 0.2020389249304912 0.015633142261594582 0.03151065801668211
4 0.1761334028139656 0.2020389249304912 0.01771756122980719 0.029657089898053754
4 0.1935904116727462 0.20342910101946246 0.013027618551328817 0.023169601482854494
4 0.2113079729025534 0.2020389249304912 0.011985409067222511 0.03151065801668211
4 0.12584679520583636 0.25996292863762743 0.015112037519541427 0.030583873957367932
4 0.14174048983845752 0.26135310472659873 0.018759770713913496 0.024096385542168676
4 0.15841584158415842 0.26135310472659873 0.020844189682126108 0.029657089898053754
4 0.1784783741532048 0.25857275254865614 0.018238665971860343 0.029657089898053754
4 0.19515372589890567 0.2594995366079703 0.01615424700364773 0.03151065801668211
4 0.20974465867639394 0.2571825764596849 0.013027618551328817 0.028730305838739572
4 0.1255862428348098 0.288693234476367 0.018759770713913496 0.026876737720111215
4 0.14356435643564355 0.28405931417979613 0.01615424700364773 0.026876737720111215
4 0.12636789994788952 0.34291010194624655 0.017196456487754037 0.029657089898053754
4 0.14330380406461699 0.34615384615384615 0.016675351745700884 0.028730305838739572
4 0.15997915581031788 0.3484708063021316 0.01771756122980719 0.024096385542168676
4 0.17769671704012507 0.3438368860055607 0.018759770713913496 0.03521779425393883
4 0.1915059927045336 0.34615384615384615 0.01928087545596665 0.03614457831325301
4 0.2081813444502345 0.3470806302131603 0.01928087545596665 0.03243744207599629
4 0.12480458572173007 0.37766450417052827 0.020323084940072955 0.025023169601482854
4 0.14408546117769672 0.37859128822984245 0.017196456487754037 0.03429101019462465
4 0.15867639395518499 0.37488415199258573 0.018238665971860343 0.026876737720111215
4 0.17639395518499218 0.37766450417052827 0.017196456487754037 0.030583873957367932
4 0.19332985930171964 0.3790546802594995 0.01771756122980719 0.025949953660797033
4 0.21052631578947367 0.3795180722891566 0.016675351745700884 0.026876737720111215
4 0.12506513809275666 0.40639481000926786 0.015633142261594582 0.030583873957367932
4 0.14330380406461699 0.4068582020389249 0.01771756122980719 0.033364226135310475
4 0.15971860343929128 0.4054680259499537 0.017196456487754037 0.03243744207599629
4 0.17457008858780615 0.4045412418906395 0.019801980198019802 0.026876737720111215
4 0.1925482021886399 0.40963855421686746 0.017196456487754037 0.027803521779425393
4 0.2102657634184471 0.4091751621872104 0.01928087545596665 0.028730305838739572
4 0.12688900468994269 0.43466172381835033 0.02136529442417926 0.027803521779425393
4 0.14486711829077645 0.4355885078776645 0.018759770713913496 0.029657089898053754
4 0.15867639395518499 0.4351251158480074 0.017196456487754037 0.026876737720111215
4 0.1761334028139656 0.43697868396663575 0.01771756122980719 0.023169601482854494
4 0.19306930693069307 0.43697868396663575 0.020323084940072955 0.026876737720111215
4 0.21078686816050027 0.4351251158480074 0.01615424700364773 0.023169601482854494
4 0.12610734757686295 0.46478220574606116 0.01771756122980719 0.03243744207599629
4 0.14330380406461699 0.46246524559777574 0.016675351745700884 0.03151065801668211
4 0.15815528921313185 0.46246524559777574 0.017196456487754037 0.025949953660797033
4 0.17691505992704534 0.468952734012975 0.020323084940072955 0.033364226135310475
4 0.1925482021886399 0.468952734012975 0.02136529442417926 0.025949953660797033
4 0.20948410630536737 0.46570898980537534 0.018759770713913496 0.026876737720111215
4 0.12636789994788952 0.4962928637627433 0.01615424700364773 0.021316033364226137
4 0.14408546117769672 0.49582947173308617 0.014069828035435123 0.029657089898053754
4 0.16128191766545075 0.49443929564411493 0.01615424700364773 0.026876737720111215
4 0.17639395518499218 0.49304911955514363 0.014069828035435123 0.027803521779425393
4 0.19332985930171964 0.4939759036144578 0.014590932777488274 0.03151065801668211
