0 0.5002605523710266 0.4508804448563485 0.5127670661803022 0.4068582020389249
1 0.49947889525794686 0.29008341056533826 0.5112037519541428 0.08155699721964782
1 0.5 0.5472659870250232 0.5112037519541428 0.4309545875810936
4 0.28660760812923397 0.29518072289156627 0.044815007816571134 0.06950880444856349
4 0.32881709223553934 0.29610750695088045 0.034392912975508075 0.06209453197405004
4 0.37076602397081815 0.29564411492122333 0.03282959874934862 0.057460611677479144
4 0.41245440333507033 0.29471733086190915 0.03178738926524231 0.05931417979610751
4 0.45414278269932257 0.2942539388322521 0.03491401771756123 0.060240963855421686
4 0.4924439812402293 0.2928637627432808 0.039603960396039604 0.05931417979610751
4 0.6529442417926004 0.3072289156626506 0.05419489317352788 0.030583873957367932
7 0.7076602397081814 0.3086190917516219 0.05106826472120896 0.029657089898053754
4 0.49973944762897343 0.5032437442075997 0.46899426784783743 0.30954587581093607
1 0.49973944762897343 0.7089898053753475 0.5117248566961959 0.10750695088044486
8 0.3110995310057322 0.6886005560704356 0.026055237102657634 0.025949953660797033
8 0.3160500260552371 0.7210379981464319 0.04116727462219906 0.025949953660797033
8 0.44684731631057845 0.6890639481000926 0.0484627410109432 0.023169601482854494
8 0.35878061490359564 0.7210379981464319 0.03178738926524231 0.025949953660797033
7 0.43642522146951535 0.7215013901760889 0.11933298593017197 0.025023169601482854
4 0.6855132881709224 0.6969416126042632 0.10057321521625846 0.05375347544022243
