0 0.9322563835330901 0.46014828544949027 0.1354872329338197 0.8702502316960148
1 0.9325169359041168 0.0551436515291937 0.13496612819176654 0.0639481000926784
1 0.9322563835330901 0.4902687673772011 0.1354872329338197 0.8081556997219648
4 0.9325169359041168 0.4652455977757183 0.047420531526836895 0.03151065801668211
7 0.8871808233454924 0.04031510658016682 0.04429390307451798 0.028730305838739572
4 0.9309536216779573 0.03985171455050973 0.045336112558624284 0.029657089898053754
4 0.9770713913496613 0.04216867469879518 0.04585721730067743 0.03243744207599629
4 0.8918707660239709 0.07182576459684893 0.05263157894736842 0.028730305838739572
7 0.9395518499218343 0.0690454124189064 0.041688379364252216 0.028730305838739572
7 0.9708181344450234 0.06997219647822057 0.018759770713913496 0.025023169601482854
4 0.9898384575299636 0.07136237256719184 0.01928087545596665 0.025949953660797033
