0 0.5005211047420531 0.48146431881371643 0.33402813965607087 0.4402224281742354
1 0.5007816571130798 0.2775718257645968 0.334549244398124 0.03243744207599629
1 0.3699843668577384 0.4962928637627433 0.07295466388744137 0.4087117701575533
1 0.5377800937988536 0.4976830398517145 0.26263678999478896 0.40963855421686746
4 0.658676393955185 0.27710843373493976 0.01354872329338197 0.025949953660797033
4 0.3705054715997916 0.31278962001853566 0.07399687337154769 0.03614457831325301
4 0.37024491922876496 0.3480074142724745 0.07347576862949452 0.030583873957367932
4 0.37024491922876496 0.37812789620018533 0.07451797811360084 0.03151065801668211
4 0.37076602397081815 0.41473586654309547 0.07451797811360084 0.03985171455050973
4 0.3699843668577384 0.4531974050046339 0.07503908285565399 0.03707136237256719
4 0.5956227201667535 0.3484708063021316 0.12610734757686295 0.03151065801668211
4 0.5961438249088067 0.3795180722891566 0.12610734757686295 0.03614457831325301
4 0.5958832725377801 0.4087117701575533 0.12767066180302242 0.03521779425393883
4 0.5956227201667535 0.4355885078776645 0.12298071912454403 0.03521779425393883
4 0.6318394997394476 0.6686746987951807 0.05263157894736842 0.037998146431881374
7 0.4601354872329338 0.6686746987951807 0.0781657113079729 0.037998146431881374
