0 0.5002605523710266 0.5444856348470807 0.5096404377279833 0.4309545875810936
1 0.49973944762897343 0.4990732159406858 0.5117248566961959 0.3382761816496756
1 0.5005211047420531 0.7126969416126042 0.5101615424700364 0.0963855421686747
4 0.49973944762897343 0.5032437442075997 0.46899426784783743 0.30583873957367935
8 0.31787389265242316 0.6904541241890639 0.04064616988014591 0.027803521779425393
8 0.36190724335591457 0.6913809082483782 0.03908285565398645 0.027803521779425393
8 0.4075039082855654 0.6895273401297498 0.04064616988014591 0.025949953660797033
8 0.4546638874413757 0.6904541241890639 0.04116727462219906 0.024096385542168676
8 0.3163105784262637 0.7224281742354032 0.041688379364252216 0.023169601482854494
8 0.35956227201667534 0.7233549582947173 0.03335070349140177 0.021316033364226137
7 0.48176133402813964 0.7228915662650602 0.0297029702970297 0.025949953660797033
4 0.6852527357998958 0.6978683966635774 0.10005211047420531 0.051899907321594066
