0 0.5007816571130798 0.4819277108433735 0.4481500781657113 0.5134383688600556
1 0.5010422094841063 0.24559777571825764 0.44762897342365815 0.042632066728452274
1 0.32621156852527355 0.4606116774791474 0.07920792079207921 0.3873957367933272
1 0.4590932777488275 0.4620018535681186 0.18551328817092236 0.39202965708989806
1 0.6347055758207399 0.46246524559777574 0.16571130797290257 0.3985171455050973
1 0.5031266284523189 0.6950880444856349 0.4340802501302762 0.0778498609823911
8 0.31422615945805105 0.2891566265060241 0.05002605523710266 0.03521779425393883
4 0.30667014069828036 0.6367006487488415 0.03804064616988015 0.025949953660797033
7 0.343147472642001 0.6357738646895273 0.03595622720166754 0.03151065801668211
4 0.4572694111516415 0.4462465245597776 0.1485148514851485 0.17516218721038
4 0.4346013548723293 0.5653382761816497 0.031266284523189164 0.020389249304911955
4 0.4877540385617509 0.5662650602409639 0.05419489317352788 0.024096385542168676
9 0.6360083376758728 0.2812789620018536 0.08702449192287649 0.028730305838739572
4 0.6724856696195936 0.24513438368860055 0.027618551328817093 0.03243744207599629
4 0.699843668577384 0.24559777571825764 0.018759770713913496 0.03151065801668211
4 0.7157373632100053 0.24420759962928637 0.017196456487754037 0.03614457831325301
8 0.3376758728504429 0.6765523632993512 0.0385617509119333 0.025949953660797033
8 0.3798853569567483 0.6765523632993512 0.03647733194372069 0.025949953660797033
7 0.5620114643043251 0.7038924930491196 0.033871808233454925 0.03243744207599629
4 0.5937988535695675 0.7038924930491196 0.04116727462219906 0.028730305838739572
7 0.6873371547681084 0.7025023169601483 0.04898384575299635 0.033364226135310475
