0 0.5414278269932257 0.4916589434661724 0.9171443460135488 0.8146431881371641
4 0.12402292860865034 0.20250231696014828 0.09067222511724857 0.13994439295644115
4 0.21287128712871287 0.20064874884151992 0.0891089108910891 0.15106580166821132
4 0.30015633142261594 0.19972196478220575 0.08963001563314227 0.15291936978683968
4 0.3877019280875456 0.19925857275254866 0.08441896821261073 0.15940685820203893
4 0.4731631057842626 0.19833178869323448 0.08754559666492966 0.16311399443929564
4 0.5625325690463783 0.1969416126042632 0.08702449192287649 0.16404077849860982
4 0.6563314226159458 0.1978683966635774 0.10161542470036478 0.17145505097312327
1 0.5409067222511725 0.1010194624652456 0.918186555497655 0.03521779425393883
1 0.5409067222511725 0.5064874884151993 0.918186555497655 0.7812789620018535
