1 0.49973944762897343 0.29147358665430956 0.5106826472120897 0.08063021316033364
1 0.49947889525794686 0.49582947173308617 0.5101615424700364 0.329935125115848
4 0.28478374153204794 0.29518072289156627 0.04637832204273059 0.06950880444856349
4 0.32881709223553934 0.29703429101019463 0.03230849400729546 0.0639481000926784
4 0.3699843668577384 0.2933271547729379 0.039603960396039604 0.05838739573679333
4 0.41036998436685773 0.2942539388322521 0.0297029702970297 0.0639481000926784
4 0.4533611255862428 0.2928637627432808 0.03230849400729546 0.05931417979610751
4 0.49504950495049505 0.2919369786839666 0.04064616988014591 0.06302131603336422
4 0.539343408025013 0.2919369786839666 0.041688379364252216 0.06487488415199258
4 0.6524231370505471 0.30676552363299353 0.0573215216258468 0.03151065801668211
7 0.7073996873371547 0.30583873957367935 0.053673788431474724 0.029657089898053754
4 0.5 0.5041705282669138 0.4705575820739969 0.3113994439295644
1 0.49947889525794686 0.7126969416126042 0.5101615424700364 0.0963855421686747
8 0.31735278791036997 0.6927710843373494 0.0385617509119333 0.017608897126969416
8 0.3600833767587285 0.690917516218721 0.0385617509119333 0.019462465245597776
8 0.3163105784262637 0.7201112140871178 0.039603960396039604 0.024096385542168676
8 0.36060448150078167 0.7210379981464319 0.02918186555497655 0.025949953660797033
7 0.43746743095362167 0.7224281742354032 0.11620635747785305 0.019462465245597776
9 0.45101615424700364 0.6886005560704356 0.06618030224075039 0.022242817423540315
9 0.5474205315268369 0.6895273401297498 0.10161542470036478 0.022242817423540315
4 0.6852527357998958 0.6974050046339203 0.10109431995831163 0.05468025949953661
0 0.4986972381448671 0.510194624652456 0.5106826472120897 0.505097312326228
