0 0.5006410256410256 0.47692307692307695 0.5980769230769231 0.6403846153846153
1 0.49951923076923077 0.17764423076923078 0.5951923076923077 0.040865384615384616
1 0.49935897435897436 0.47259615384615383 0.592948717948718 0.5644230769230769
1 0.5024038461538461 0.7730769230769231 0.5996794871794872 0.04326923076923077
4 0.23221153846153847 0.21201923076923077 0.03365384615384615 0.021153846153846155
4 0.2621794871794872 0.21009615384615385 0.029487179487179487 0.025961538461538463
4 0.2205128205128205 0.24302884615384615 0.019230769230769232 0.03221153846153846
4 0.23717948717948717 0.24182692307692308 0.01730769230769231 0.025961538461538463
4 0.2520833333333333 0.32067307692307695 0.06634615384615385 0.09326923076923077
4 0.3161858974358974 0.32259615384615387 0.06762820512820512 0.09423076923076923
4 0.38333333333333336 0.32379807692307694 0.05384615384615385 0.09182692307692308
4 0.4477564102564103 0.32259615384615387 0.0641025641025641 0.09423076923076923
4 0.25224358974358974 0.41875 0.0641025641025641 0.09423076923076923
4 0.3171474358974359 0.4201923076923077 0.0625 0.09134615384615384
4 0.3817307692307692 0.4206730769230769 0.06153846153846154 0.09326923076923077
4 0.44551282051282054 0.4206730769230769 0.0641025641025641 0.09038461538461538
4 0.2514423076923077 0.5127403846153846 0.05929487179487179 0.09375
4 0.31666666666666665 0.5180288461538461 0.06153846153846154 0.09086538461538461
4 0.38301282051282054 0.5153846153846153 0.060897435897435896 0.09038461538461538
4 0.44519230769230766 0.5151442307692308 0.05897435897435897 0.09182692307692308
4 0.2546474358974359 0.6110576923076924 0.06057692307692308 0.09230769230769231
4 0.3189102564102564 0.6137019230769231 0.06025641025641026 0.09182692307692308
4 0.3815705128205128 0.6120192307692308 0.05929487179487179 0.09326923076923077
4 0.4463141025641026 0.6117788461538461 0.06378205128205128 0.09086538461538461
4 0.25432692307692306 0.6877403846153847 0.05416666666666667 0.05336538461538461
4 0.3173076923076923 0.690625 0.06602564102564103 0.05144230769230769
4 0.3844551282051282 0.6891826923076924 0.061217948717948716 0.05336538461538461
4 0.4483974358974359 0.6867788461538461 0.06346153846153846 0.06201923076923077
8 0.2466346153846154 0.7716346153846154 0.07724358974358975 0.028846153846153848
4 0.38221153846153844 0.24254807692307692 0.26955128205128204 0.027403846153846154
4 0.7073717948717949 0.7677884615384616 0.057692307692307696 0.03653846153846154
4 0.7631410256410256 0.7689903846153846 0.0532051282051282 0.03413461538461538
4 0.7825320512820513 0.1735576923076923 0.013141025641025641 0.01826923076923077
4 0.580448717948718 0.24326923076923077 0.1282051282051282 0.032692307692307694
4 0.7083333333333334 0.24278846153846154 0.1282051282051282 0.028846153846153848
6 0.3645833333333333 0.49158653846153844 0.30480769230769234 0.4543269230769231
