0 0.5002605523710266 0.5013901760889713 0.5096404377279833 0.5115848007414272
1 0.5005211047420531 0.29008341056533826 0.5091193329859302 0.0871177015755329
1 0.4989577905158937 0.5009267840593142 0.5091193329859302 0.33086190917516217
1 0.4992183428869203 0.7126969416126042 0.5096404377279833 0.0963855421686747
4 0.28582595101615427 0.2942539388322521 0.04429390307451798 0.06950880444856349
4 0.32803543512245964 0.29703429101019463 0.033871808233454925 0.06580166821130677
4 0.651902032308494 0.30676552363299353 0.05419489317352788 0.029657089898053754
7 0.7071391349661282 0.30583873957367935 0.05211047420531527 0.029657089898053754
4 0.5002605523710266 0.5018535681186284 0.4679520583637311 0.30676552363299353
8 0.310578426263679 0.690917516218721 0.030224075039082855 0.023169601482854494
8 0.31683168316831684 0.7219647822057461 0.0385617509119333 0.025949953660797033
8 0.35878061490359564 0.7219647822057461 0.03595622720166754 0.027803521779425393
7 0.43668577384054197 0.7224281742354032 0.11776967170401251 0.026876737720111215
4 0.6855132881709224 0.6969416126042632 0.09848879624804585 0.051899907321594066
