0 0.5 0.4768303985171455 0.2871287128712871 0.4976830398517145
4 0.6107347576862949 0.24652455977757182 0.030224075039082855 0.029657089898053754
4 0.6344450234497134 0.24652455977757182 0.01928087545596665 0.03521779425393883
4 0.3884835852006253 0.35820203892493047 0.04637832204273059 0.12326227988878591
4 0.4332985930171965 0.35912882298424464 0.0484627410109432 0.12882298424467098
4 0.48045857217300675 0.35912882298424464 0.047941636268890045 0.1380908248378128
4 0.3863991662324127 0.4819277108433735 0.042209484106305366 0.12974976830398516
4 0.43668577384054197 0.479610750695088 0.04689942678478374 0.12326227988878591
4 0.4833246482542991 0.4823911028730306 0.0484627410109432 0.12882298424467098
4 0.5497655028660761 0.6913809082483782 0.04898384575299635 0.03707136237256719
4 0.6083897863470558 0.6904541241890639 0.05263157894736842 0.03521779425393883
4 0.5875455966649297 0.3192771084337349 0.09015112037519542 0.03429101019462465
4 0.5885878061490359 0.3540315106580167 0.09015112037519542 0.027803521779425393
4 0.5583637311099531 0.38832252085264135 0.03282959874934862 0.027803521779425393
4 0.6201146430432517 0.3873957367933272 0.02918186555497655 0.027803521779425393
4 0.5885878061490359 0.42400370713623725 0.09223553934340803 0.025023169601482854
4 0.5463783220427306 0.49304911955514363 0.0484627410109432 0.03892493049119555
4 0.5445544554455446 0.5278035217794254 0.05002605523710266 0.028730305838739572
4 0.6086503387180824 0.49258572752548657 0.047941636268890045 0.03614457831325301
4 0.6083897863470558 0.5287303058387396 0.0484627410109432 0.030583873957367932
