0 0.5007816571130798 0.09082483781278962 0.9984366857738406 0.05004633920296571
7 0.023189161021365295 0.07692307692307693 0.03491401771756123 0.018535681186283594
7 0.023710265763418448 0.10426320667284522 0.03491401771756123 0.025023169601482854
4 0.06591974986972382 0.09267840593141798 0.0286607608129234 0.04448563484708063
4 0.09822824387701928 0.09221501390176089 0.030745179781136008 0.047265987025023166
7 0.1331422615945805 0.09267840593141798 0.030745179781136008 0.04633920296570899
7 0.16649296508598227 0.09267840593141798 0.026576341844710787 0.04819277108433735
7 0.2037519541427827 0.09128822984244671 0.031266284523189164 0.047265987025023166
7 0.23944762897342367 0.09267840593141798 0.027618551328817093 0.04448563484708063
7 0.2774882751433038 0.09221501390176089 0.027618551328817093 0.04541241890639481
7 0.31083897863470555 0.09221501390176089 0.03282959874934862 0.04541241890639481
7 0.3449713392391871 0.09128822984244671 0.02918186555497655 0.047265987025023166
7 0.3767587285044294 0.09128822984244671 0.028139656070870246 0.047265987025023166
7 0.41089108910891087 0.0917516218721038 0.0286607608129234 0.04633920296570899
4 0.4533611255862428 0.0917516218721038 0.053152683689421575 0.03707136237256719
7 0.49166232412714955 0.09314179796107507 0.02136529442417926 0.047265987025023166
7 0.5231891610213653 0.09267840593141798 0.028139656070870246 0.04819277108433735
7 0.5521104742053152 0.09314179796107507 0.02553413236060448 0.047265987025023166
