0 0.5004807692307692 0.47716346153846156 0.9990384615384615 0.9485576923076923
1 0.5001602564102564 0.015865384615384615 0.9996794871794872 0.028846153846153848
1 0.5001602564102564 0.071875 0.9996794871794872 0.09567307692307692
1 0.3939102564102564 0.5165865384615385 0.7865384615384615 0.8120192307692308
1 0.8866987179487179 0.5177884615384616 0.20096153846153847 0.8115384615384615
1 0.9935897435897436 0.5189903846153846 0.01282051282051282 0.8110576923076923
1 0.5001602564102564 0.9341346153846154 0.9996794871794872 0.038461538461538464
4 0.019070512820512822 0.036778846153846155 0.02980769230769231 0.020673076923076922
4 0.05480769230769231 0.03701923076923077 0.03717948717948718 0.023076923076923078
4 0.0953525641025641 0.036778846153846155 0.03685897435897436 0.020673076923076922
4 0.13413461538461538 0.03701923076923077 0.033012820512820513 0.021153846153846155
4 0.1700320512820513 0.03581730769230769 0.030448717948717948 0.023557692307692307
4 0.8051282051282052 0.3019230769230769 0.028846153846153848 0.020192307692307693
4 0.8046474358974359 0.32259615384615387 0.028525641025641025 0.01730769230769231
4 0.8086538461538462 0.3425480769230769 0.038461538461538464 0.01971153846153846
4 0.8068910256410257 0.36490384615384613 0.03493589743589744 0.019230769230769232
4 0.8142628205128205 0.38509615384615387 0.04583333333333333 0.019230769230769232
4 0.8338141025641026 0.4064903846153846 0.0798076923076923 0.017788461538461538
4 0.822275641025641 0.42764423076923075 0.05608974358974359 0.022596153846153846
4 0.8176282051282051 0.45240384615384616 0.051923076923076926 0.021153846153846155
4 0.8113782051282051 0.46971153846153846 0.03942307692307692 0.020192307692307693
4 0.8193910256410256 0.4932692307692308 0.05737179487179487 0.016346153846153847
4 0.8120192307692308 0.5122596153846154 0.041346153846153845 0.017788461538461538
4 0.8134615384615385 0.5355769230769231 0.04358974358974359 0.020192307692307693
4 0.8115384615384615 0.5555288461538461 0.04230769230769231 0.01971153846153846
4 0.8604166666666667 0.6495192307692308 0.05929487179487179 0.01826923076923077
4 0.8036858974358975 0.6319711538461539 0.0266025641025641 0.027403846153846154
4 0.8788461538461538 0.734375 0.11794871794871795 0.023557692307692307
7 0.9655448717948718 0.9079326923076924 0.0125 0.021634615384615384
4 0.7958333333333333 0.9043269230769231 0.014743589743589743 0.025
4 0.799198717948718 0.15697115384615384 0.020833333333333332 0.035096153846153846
4 0.8189102564102564 0.1576923076923077 0.016666666666666666 0.03653846153846154
4 0.9658653846153846 0.12548076923076923 0.015064102564102564 0.014423076923076924
4 0.9799679487179487 0.12596153846153846 0.011217948717948718 0.015384615384615385
4 0.9806089743589743 0.37451923076923077 0.01955128205128205 0.023076923076923078
4 0.9032051282051282 0.01201923076923077 0.016025641025641024 0.015384615384615385
4 0.9342948717948718 0.014182692307692308 0.016025641025641024 0.01875
4 0.9604166666666667 0.013461538461538462 0.015064102564102564 0.023076923076923078
4 0.9855769230769231 0.014182692307692308 0.017948717948717947 0.02451923076923077
4 0.011057692307692308 0.061057692307692306 0.016346153846153847 0.026923076923076925
4 0.03221153846153846 0.05985576923076923 0.02403846153846154 0.027403846153846154
7 0.05368589743589743 0.06129807692307692 0.015705128205128205 0.027403846153846154
4 0.0703525641025641 0.06033653846153846 0.01891025641025641 0.023557692307692307
7 0.08862179487179488 0.06129807692307692 0.015705128205128205 0.023557692307692307
7 0.1046474358974359 0.061778846153846156 0.016987179487179486 0.026442307692307692
7 0.12708333333333333 0.05961538461538462 0.015705128205128205 0.02403846153846154
7 0.1453525641025641 0.061057692307692306 0.017628205128205128 0.025
7 0.1623397435897436 0.06081730769230769 0.016987179487179486 0.021634615384615384
7 0.1892628205128205 0.058653846153846154 0.02467948717948718 0.022115384615384617
7 0.2153846153846154 0.05576923076923077 0.035256410256410256 0.013461538461538462
7 0.2423076923076923 0.05889423076923077 0.01730769230769231 0.023557692307692307
7 0.26810897435897435 0.05961538461538462 0.03173076923076923 0.027884615384615386
7 0.3559294871794872 0.059375 0.020833333333333332 0.02451923076923077
7 0.3762820512820513 0.06033653846153846 0.019230769230769232 0.026442307692307692
7 0.39375 0.05889423076923077 0.01826923076923077 0.026442307692307692
7 0.41057692307692306 0.06009615384615385 0.01858974358974359 0.03173076923076923
7 0.45400641025641025 0.05913461538461538 0.06698717948717949 0.028846153846153848
7 0.05432692307692308 0.09302884615384616 0.10416666666666667 0.029326923076923077
7 0.14903846153846154 0.08509615384615385 0.08012820512820513 0.023076923076923078
7 0.14903846153846154 0.10264423076923077 0.08461538461538462 0.020673076923076922
7 0.19919871794871793 0.09086538461538461 0.015705128205128205 0.028846153846153848
7 0.21810897435897436 0.09735576923076923 0.01826923076923077 0.023557692307692307
7 0.24150641025641026 0.09278846153846154 0.017628205128205128 0.032692307692307694
7 0.25961538461538464 0.09230769230769231 0.01730769230769231 0.027884615384615386
7 0.3190705128205128 0.09326923076923077 0.09326923076923077 0.03173076923076923
7 0.4032051282051282 0.09591346153846154 0.06794871794871794 0.028365384615384615
7 0.47996794871794873 0.08557692307692308 0.07660256410256411 0.022115384615384617
7 0.47884615384615387 0.10288461538461538 0.07756410256410257 0.020192307692307693
7 0.5487179487179488 0.09326923076923077 0.016025641025641024 0.028846153846153848
7 0.5679487179487179 0.09302884615384616 0.017948717948717947 0.03413461538461538
4 0.527724358974359 0.09254807692307693 0.021474358974358974 0.03798076923076923
7 0.5935897435897436 0.09519230769230769 0.017948717948717947 0.026923076923076925
4 0.4982371794871795 0.06009615384615385 0.01826923076923077 0.03173076923076923
4 0.5338141025641026 0.058173076923076925 0.05032051282051282 0.02980769230769231
7 0.011538461538461539 0.13149038461538462 0.019230769230769232 0.028365384615384615
7 0.010897435897435897 0.15576923076923077 0.019230769230769232 0.032692307692307694
7 0.01282051282051282 0.1858173076923077 0.023717948717948717 0.03028846153846154
7 0.011217948717948718 0.2141826923076923 0.020512820512820513 0.029326923076923077
7 0.011858974358974358 0.2423076923076923 0.023076923076923078 0.03365384615384615
7 0.01266025641025641 0.27331730769230766 0.02467948717948718 0.028365384615384615
7 0.013621794871794872 0.29927884615384615 0.0266025641025641 0.03125
7 0.013461538461538462 0.3245192307692308 0.022435897435897436 0.026923076923076925
7 0.01330128205128205 0.34807692307692306 0.022756410256410255 0.027884615384615386
7 0.011217948717948718 0.3766826923076923 0.01858974358974359 0.036057692307692304
7 0.011858974358974358 0.4079326923076923 0.023076923076923078 0.03413461538461538
7 0.011698717948717949 0.43798076923076923 0.022756410256410255 0.03076923076923077
7 0.013141025641025641 0.46634615384615385 0.023717948717948717 0.02980769230769231
7 0.011698717948717949 0.4930288461538462 0.022756410256410255 0.026442307692307692
7 0.01217948717948718 0.5194711538461538 0.023717948717948717 0.03317307692307692
7 0.01266025641025641 0.5528846153846154 0.022756410256410255 0.02980769230769231
7 0.0125 0.5817307692307693 0.023076923076923078 0.032692307692307694
7 0.011538461538461539 0.6127403846153846 0.021153846153846155 0.03028846153846154
2 0.5001602564102564 0.036298076923076926 0.9996794871794872 0.027403846153846154
2 0.5001602564102564 0.05913461538461538 0.9996794871794872 0.035576923076923075
2 0.5001602564102564 0.09471153846153846 0.9996794871794872 0.04807692307692308
2 0.011538461538461539 0.5175480769230769 0.021153846153846155 0.8129807692307692
2 0.40528846153846154 0.12379807692307693 0.7721153846153846 0.029326923076923077
2 0.4044871794871795 0.9079326923076924 0.7737179487179487 0.027403846153846154
2 0.4041666666666667 0.5175480769230769 0.775 0.7725961538461539
2 0.8886217948717948 0.12596153846153846 0.20224358974358975 0.03173076923076923
2 0.9809294871794871 0.5221153846153846 0.016987179487179486 0.7788461538461539
2 0.8804487179487179 0.9033653846153846 0.19230769230769232 0.038461538461538464
2 0.8815705128205128 0.5139423076923076 0.19134615384615383 0.7586538461538461
3 0.8815705128205128 0.1735576923076923 0.19006410256410255 0.0798076923076923
3 0.8807692307692307 0.3951923076923077 0.19166666666666668 0.37596153846153846
3 0.8807692307692307 0.6290865384615385 0.19294871794871796 0.10817307692307693
3 0.8799679487179487 0.7867788461538462 0.19134615384615383 0.22163461538461537
7 0.9947115384615385 0.15072115384615384 0.009935897435897435 0.016826923076923076
7 0.9935897435897436 0.16826923076923078 0.011538461538461539 0.014423076923076924
7 0.9943910256410257 0.8894230769230769 0.009935897435897435 0.014423076923076924
7 0.9935897435897436 0.9067307692307692 0.011538461538461539 0.01730769230769231
4 0.9927884615384616 0.18485576923076924 0.013141025641025641 0.01875
4 0.9940705128205128 0.1987980769230769 0.011858974358974358 0.016826923076923076
4 0.9943910256410257 0.21658653846153847 0.011217948717948718 0.01875
4 0.9940705128205128 0.23413461538461539 0.011858974358974358 0.016346153846153847
4 0.9940705128205128 0.25048076923076923 0.011858974358974358 0.01730769230769231
4 0.9947115384615385 0.2637019230769231 0.010576923076923078 0.020673076923076922
4 0.9932692307692308 0.2795673076923077 0.013461538461538462 0.023557692307692307
4 0.9931089743589744 0.2951923076923077 0.013782051282051282 0.022115384615384617
4 0.9939102564102564 0.3110576923076923 0.01217948717948718 0.020192307692307693
4 0.9935897435897436 0.3262019230769231 0.01282051282051282 0.023557692307692307
4 0.9932692307692308 0.34278846153846154 0.013461538461538462 0.021153846153846155
4 0.9935897435897436 0.35889423076923077 0.01282051282051282 0.02451923076923077
4 0.9927884615384616 0.3730769230769231 0.014423076923076924 0.021153846153846155
4 0.9935897435897436 0.3918269230769231 0.01282051282051282 0.021153846153846155
4 0.9927884615384616 0.40721153846153846 0.014423076923076924 0.020192307692307693
4 0.9931089743589744 0.4237980769230769 0.013782051282051282 0.01875
4 0.9927884615384616 0.43846153846153846 0.014423076923076924 0.021153846153846155
4 0.9932692307692308 0.4545673076923077 0.013461538461538462 0.020673076923076922
4 0.9932692307692308 0.4701923076923077 0.013461538461538462 0.020192307692307693
4 0.9931089743589744 0.4872596153846154 0.013782051282051282 0.01971153846153846
4 0.9935897435897436 0.5019230769230769 0.01282051282051282 0.022115384615384617
4 0.9931089743589744 0.5185096153846154 0.013782051282051282 0.01971153846153846
4 0.9931089743589744 0.5348557692307693 0.013782051282051282 0.020673076923076922
4 0.9932692307692308 0.55 0.013461538461538462 0.022115384615384617
4 0.9935897435897436 0.565625 0.01282051282051282 0.020673076923076922
4 0.9932692307692308 0.5822115384615385 0.013461538461538462 0.020192307692307693
4 0.9939102564102564 0.5980769230769231 0.01217948717948718 0.022115384615384617
4 0.9932692307692308 0.6137019230769231 0.013461538461538462 0.021634615384615384
4 0.9935897435897436 0.6310096153846154 0.01282051282051282 0.01875
4 0.9932692307692308 0.6451923076923077 0.013461538461538462 0.020192307692307693
4 0.9935897435897436 0.6615384615384615 0.01282051282051282 0.021153846153846155
4 0.9932692307692308 0.6778846153846154 0.013461538461538462 0.01826923076923077
4 0.9932692307692308 0.6920673076923077 0.013461538461538462 0.021634615384615384
4 0.9931089743589744 0.7084134615384615 0.013782051282051282 0.01875
4 0.9939102564102564 0.7233173076923077 0.01217948717948718 0.020673076923076922
4 0.9932692307692308 0.7420673076923077 0.013461538461538462 0.015865384615384615
4 0.9932692307692308 0.7557692307692307 0.013461538461538462 0.022115384615384617
4 0.9939102564102564 0.7716346153846154 0.01217948717948718 0.021153846153846155
4 0.9939102564102564 0.7875 0.01217948717948718 0.021153846153846155
4 0.9932692307692308 0.8043269230769231 0.013461538461538462 0.022115384615384617
4 0.9926282051282052 0.8194711538461539 0.014743589743589743 0.02548076923076923
4 0.9927884615384616 0.8348557692307692 0.014423076923076924 0.022596153846153846
4 0.9931089743589744 0.8504807692307692 0.013782051282051282 0.023076923076923078
4 0.9932692307692308 0.8668269230769231 0.013461538461538462 0.022115384615384617
7 0.9496794871794871 0.9072115384615385 0.015384615384615385 0.016346153846153847
7 0.7649038461538461 0.909375 0.0125 0.015865384615384615
7 0.7769230769230769 0.9079326923076924 0.011538461538461539 0.014903846153846155
7 0.05480769230769231 0.9091346153846154 0.007051282051282051 0.01730769230769231
4 0.029647435897435896 0.9100961538461538 0.011217948717948718 0.014423076923076924
4 0.04230769230769231 0.909375 0.010897435897435897 0.011057692307692308
4 0.03028846153846154 0.9391826923076924 0.05096153846153846 0.020673076923076922
3 0.0594551282051282 0.059375 0.11826923076923077 0.03701923076923077
3 0.14567307692307693 0.05721153846153846 0.05737179487179487 0.03942307692307692
3 0.20224358974358975 0.05961538461538462 0.06282051282051282 0.03461538461538462
3 0.25833333333333336 0.06009615384615385 0.060897435897435896 0.035576923076923075
3 0.32724358974358975 0.05961538461538462 0.08076923076923077 0.03653846153846154
3 0.39294871794871794 0.06033653846153846 0.05897435897435897 0.03798076923076923
3 0.45224358974358975 0.05841346153846154 0.07051282051282051 0.035096153846153846
3 0.49599358974358976 0.05961538461538462 0.02403846153846154 0.03461538461538462
3 0.7516025641025641 0.05961538461538462 0.4967948717948718 0.03461538461538462
3 0.055608974358974356 0.09471153846153846 0.11057692307692307 0.046153846153846156
3 0.14711538461538462 0.09519230769230769 0.08397435897435897 0.047115384615384615
3 0.20881410256410257 0.09423076923076923 0.04583333333333333 0.04903846153846154
3 0.25080128205128205 0.09471153846153846 0.04583333333333333 0.04807692307692308
3 0.32003205128205126 0.09471153846153846 0.10032051282051282 0.05
3 0.4032051282051282 0.09471153846153846 0.07628205128205129 0.04807692307692308
3 0.4780448717948718 0.09519230769230769 0.0842948717948718 0.047115384615384615
3 0.5275641025641026 0.09447115384615384 0.026282051282051282 0.04567307692307692
3 0.5584935897435898 0.09350961538461539 0.046474358974358976 0.047596153846153844
3 0.7886217948717948 0.09302884615384616 0.42275641025641025 0.04951923076923077
3 0.010897435897435897 0.14326923076923076 0.021153846153846155 0.06442307692307692
3 0.011217948717948718 0.20048076923076924 0.021794871794871794 0.06538461538461539
3 0.010897435897435897 0.2956730769230769 0.021153846153846155 0.1423076923076923
3 0.011217948717948718 0.38052884615384613 0.021794871794871794 0.03798076923076923
3 0.011698717948717949 0.4235576923076923 0.022756410256410255 0.06538461538461539
3 0.011538461538461539 0.48173076923076924 0.021153846153846155 0.0625
3 0.011698717948717949 0.5377403846153846 0.021474358974358974 0.06394230769230769
3 0.010897435897435897 0.5822115384615385 0.021153846153846155 0.0375
3 0.011217948717948718 0.7586538461538461 0.021794871794871794 0.32596153846153847
8 0.98125 0.2502403846153846 0.016346153846153847 0.23317307692307693
