0 0.5006410256410256 0.47692307692307695 0.16538461538461538 0.225
1 0.5003205128205128 0.38461538461538464 0.1608974358974359 0.03942307692307692
1 0.5004807692307692 0.490625 0.16378205128205128 0.18701923076923077
8 0.4530448717948718 0.4377403846153846 0.041346153846153845 0.023557692307692307
8 0.4530448717948718 0.4579326923076923 0.046474358974358976 0.016826923076923076
8 0.4544871794871795 0.4752403846153846 0.04807692307692308 0.017788461538461538
7 0.5336538461538461 0.4387019230769231 0.03717948717948718 0.021634615384615384
7 0.5346153846153846 0.45697115384615383 0.03974358974358974 0.020673076923076922
7 0.533974358974359 0.47644230769230766 0.038461538461538464 0.01730769230769231
4 0.4913461538461538 0.5588942307692307 0.05576923076923077 0.03125
4 0.5455128205128205 0.559375 0.05576923076923077 0.03317307692307692
4 0.5629807692307692 0.38293269230769234 0.027884615384615386 0.023557692307692307
2 0.46153846153846156 0.45360576923076923 0.0685897435897436 0.09471153846153846
2 0.5416666666666666 0.45360576923076923 0.06538461538461539 0.09759615384615385
