0 0.5002605523710266 0.4833178869323448 0.9994788952579469 0.9573679332715477
1 0.49973944762897343 0.017145505097312327 0.9984366857738406 0.030583873957367932
1 0.5005211047420531 0.07553290083410566 0.9989577905158937 0.082483781278962
1 0.08077123501823867 0.5384615384615384 0.16050026055237102 0.845227062094532
1 0.5799895779051589 0.5403151065801668 0.8379364252214695 0.8507877664504171
4 0.11073475768629494 0.017145505097312327 0.11412193850964043 0.030583873957367932
4 0.22433559145388224 0.017145505097312327 0.11724856696195936 0.028730305838739572
8 0.021104742053152683 0.04958294717330862 0.03908285565398645 0.021316033364226137
4 0.05028660760812923 0.05004633920296571 0.011985409067222511 0.024096385542168676
7 0.06357477853048463 0.05143651529193698 0.011464304325169358 0.021316033364226137
4 0.07556018759770713 0.04958294717330862 0.012506513809275664 0.019462465245597776
7 0.08963001563314227 0.04819277108433735 0.012506513809275664 0.022242817423540315
7 0.10239708181344451 0.04865616311399444 0.015112037519541427 0.023169601482854494
7 0.11594580510682648 0.04865616311399444 0.013027618551328817 0.023169601482854494
4 0.1563314226159458 0.04911955514365153 0.026055237102657634 0.018535681186283594
4 0.1873371547681084 0.04865616311399444 0.030745179781136008 0.017608897126969416
4 0.2245961438249088 0.04958294717330862 0.034392912975508075 0.021316033364226137
4 0.2545596664929651 0.04958294717330862 0.024491922876498175 0.021316033364226137
4 0.28478374153204794 0.04772937905468026 0.03282959874934862 0.023169601482854494
4 0.3183949973944763 0.04772937905468026 0.031266284523189164 0.017608897126969416
4 0.356696195935383 0.047265987025023166 0.03491401771756123 0.018535681186283594
4 0.38405419489317355 0.04772937905468026 0.020844189682126108 0.017608897126969416
7 0.023710265763418448 0.07738646895273402 0.033871808233454925 0.019462465245597776
7 0.024491922876498175 0.10518999073215941 0.034392912975508075 0.023169601482854494
4 0.06383533090151121 0.09036144578313253 0.030745179781136008 0.04911955514365153
4 0.09301719645648776 0.09267840593141798 0.026576341844710787 0.04448563484708063
7 0.1221990620114643 0.09267840593141798 0.026576341844710787 0.04448563484708063
4 0.16128191766545075 0.09360518999073215 0.04116727462219906 0.04633920296570899
4 0.2037519541427827 0.09036144578313253 0.039603960396039604 0.04355885078776645
4 0.2399687337154768 0.09267840593141798 0.03178738926524231 0.04819277108433735
7 0.3017196456487754 0.07970342910101946 0.0760812923397603 0.024096385542168676
7 0.2722772277227723 0.10472659870250231 0.018238665971860343 0.020389249304911955
7 0.28686816050026054 0.10518999073215941 0.01615424700364773 0.021316033364226137
7 0.30015633142261594 0.10379981464318813 0.014590932777488274 0.020389249304911955
7 0.3150078165711308 0.10518999073215941 0.01928087545596665 0.021316033364226137
7 0.3306409588327254 0.10287303058387395 0.017196456487754037 0.020389249304911955
7 0.3569567483064096 0.09082483781278962 0.02918186555497655 0.04448563484708063
7 0.4218342886920271 0.07599629286376275 0.08702449192287649 0.024096385542168676
7 0.3952579468473163 0.10379981464318813 0.027618551328817093 0.024096385542168676
7 0.4228764981761334 0.10379981464318813 0.0286607608129234 0.020389249304911955
7 0.45101615424700364 0.10287303058387395 0.026576341844710787 0.020389249304911955
7 0.4927045336112559 0.08016682113067655 0.03491401771756123 0.023169601482854494
7 0.49296508598228245 0.10518999073215941 0.03543512245961438 0.025023169601482854
4 0.523970818134445 0.09082483781278962 0.02553413236060448 0.05375347544022243
4 0.5536737884314747 0.08897126969416126 0.0297029702970297 0.04819277108433735
7 0.5841584158415841 0.09036144578313253 0.02918186555497655 0.04911955514365153
7 0.6122980719124544 0.08989805375347544 0.028139656070870246 0.04819277108433735
4 0.646951537258989 0.09221501390176089 0.03282959874934862 0.05282669138090825
4 0.6847316310578426 0.09082483781278962 0.028139656070870246 0.051899907321594066
7 0.720166753517457 0.08989805375347544 0.028139656070870246 0.05004633920296571
4 0.7496091714434602 0.09221501390176089 0.03282959874934862 0.05282669138090825
4 0.7863470557582074 0.08943466172381835 0.030224075039082855 0.04911955514365153
7 0.8196977592496092 0.08989805375347544 0.03543512245961438 0.05004633920296571
4 0.0859822824387702 0.16126042632066728 0.1521625846795206 0.042632066728452274
4 0.08650338718082334 0.20759962928637626 0.15112037519541427 0.04633920296570899
4 0.08520062532569046 0.2571825764596849 0.1495570609692548 0.047265987025023166
4 0.19906201146430433 0.14504170528266913 0.05106826472120896 0.023169601482854494
4 0.21782178217821782 0.3290083410565338 0.08233454924439812 0.21686746987951808
4 0.3077123501823867 0.329935125115848 0.0859822824387702 0.21686746987951808
4 0.9171443460135488 0.05004633920296571 0.02501302761855133 0.025949953660797033
4 0.9437206878582595 0.04911955514365153 0.028139656070870246 0.024096385542168676
4 0.9713392391870767 0.04819277108433735 0.02501302761855133 0.024096385542168676
4 0.9468473163105784 0.20018535681186284 0.04377279833246483 0.033364226135310475
4 0.9306930693069307 0.14550509731232622 0.1146430432516936 0.03707136237256719
