0 0.5005211047420531 0.09221501390176089 0.9989577905158937 0.05282669138090825
7 0.023189161021365295 0.07877664504170528 0.03178738926524231 0.024096385542168676
7 0.02344971339239187 0.10287303058387395 0.03230849400729546 0.027803521779425393
7 0.06513809275664409 0.08897126969416126 0.026055237102657634 0.04819277108433735
7 0.09848879624804585 0.09221501390176089 0.023970818134445022 0.04911955514365153
7 0.12897342365815528 0.09221501390176089 0.020323084940072955 0.04541241890639481
7 0.16050026055237102 0.10287303058387395 0.01354872329338197 0.027803521779425393
7 0.17535174570088588 0.10240963855421686 0.01615424700364773 0.026876737720111215
7 0.18968212610734758 0.07692307692307693 0.07295466388744137 0.024096385542168676
7 0.19072433559145388 0.10194624652455977 0.012506513809275664 0.025949953660797033
7 0.20323084940072955 0.10333642261353104 0.014590932777488274 0.026876737720111215
7 0.21730067743616466 0.10287303058387395 0.014590932777488274 0.027803521779425393
7 0.24309536216779573 0.09221501390176089 0.027618551328817093 0.047265987025023166
7 0.3139656070870245 0.0778498609823911 0.08702449192287649 0.027803521779425393
7 0.28269932256383534 0.10518999073215941 0.027618551328817093 0.021316033364226137
7 0.3103178738926524 0.10194624652455977 0.030745179781136008 0.024096385542168676
7 0.34210526315789475 0.10194624652455977 0.03178738926524231 0.024096385542168676
7 0.37884314747264203 0.0783132530120482 0.03335070349140177 0.019462465245597776
7 0.37806149035956227 0.10379981464318813 0.033871808233454925 0.014828544949026877
7 0.47186034392912973 0.0917516218721038 0.026576341844710787 0.04819277108433735
7 0.5737363210005211 0.09128822984244671 0.02709744658676394 0.05097312326227989
4 0.4111516414799375 0.09082483781278962 0.019801980198019802 0.04633920296570899
4 0.44111516414799373 0.08943466172381835 0.027618551328817093 0.047265987025023166
4 0.5059927045336112 0.09221501390176089 0.03230849400729546 0.04355885078776645
4 0.5437727983324648 0.08943466172381835 0.0297029702970297 0.04911955514365153
