0 0.9343408025013028 0.4633920296570899 0.13131839499739448 0.8730305838739574
1 0.9400729546638874 0.1519925857275255 0.1167274622199062 0.14272474513438368
1 0.9346013548723293 0.05329008341056534 0.13079729025534131 0.05838739573679333
7 0.8890046899426784 0.041241890639481 0.039603960396039604 0.025023169601482854
4 0.9312141740489839 0.04077849860982391 0.044815007816571134 0.025949953660797033
4 0.9752475247524752 0.04170528266913809 0.042209484106305366 0.029657089898053754
4 0.8918707660239709 0.0685820203892493 0.04637832204273059 0.025949953660797033
7 0.9411151641479938 0.0690454124189064 0.039603960396039604 0.025023169601482854
4 0.9718603439291298 0.06997219647822057 0.016675351745700884 0.025023169601482854
4 0.989577905158937 0.06997219647822057 0.018759770713913496 0.026876737720111215
4 0.9392912975508078 0.09453197405004633 0.11620635747785305 0.024096385542168676
7 0.940333507034914 0.1195551436515292 0.11724856696195936 0.029657089898053754
4 0.940333507034914 0.1417979610750695 0.11516414799374675 0.022242817423540315
4 0.9395518499218343 0.16543095458758109 0.1156852527357999 0.025023169601482854
4 0.940333507034914 0.18860055607043558 0.11933298593017197 0.026876737720111215
4 0.9411151641479938 0.21269694161260427 0.11776967170401251 0.021316033364226137
