0 0.4200104220948411 0.49814643188137164 0.2313705054715998 0.5032437442075997
1 0.3457529963522668 0.4712696941612604 0.07868681605002606 0.33642261353104724
1 0.4585721730067744 0.397126969416126 0.14590932777488275 0.18628359592215013
1 0.4585721730067744 0.5662650602409639 0.14590932777488275 0.15384615384615385
1 0.42027097446586764 0.6964782205746061 0.23084940072954663 0.10843373493975904
4 0.3439291297550808 0.3359592215013902 0.06253256904637833 0.023169601482854494
4 0.34418968212610734 0.35542168674698793 0.06201146430432517 0.023169601482854494
4 0.34418968212610734 0.37488415199258573 0.06201146430432517 0.019462465245597776
4 0.3436685773840542 0.39620018535681184 0.060969254820218866 0.017608897126969416
4 0.3439291297550808 0.4138090824837813 0.06044815007816571 0.019462465245597776
4 0.3439291297550808 0.432808155699722 0.06253256904637833 0.022242817423540315
4 0.3444502344971339 0.4531974050046339 0.06461698801459093 0.018535681186283594
4 0.3426263678999479 0.4712696941612604 0.06409588327253778 0.017608897126969416
4 0.4546638874413757 0.33642261353104724 0.12767066180302242 0.020389249304911955
4 0.4437206878582595 0.35588507877664505 0.10995310057321521 0.014828544949026877
4 0.40620114643043254 0.37349397590361444 0.03178738926524231 0.020389249304911955
4 0.4491922876498176 0.6149212233549582 0.04898384575299635 0.026876737720111215
4 0.4992183428869203 0.6135310472659871 0.04585721730067743 0.03151065801668211
