0 0.49947889525794686 0.47451343836886006 0.1829077644606566 0.6190917516218721
1 0.5 0.7562557924003707 0.1829077644606566 0.05931417979610751
1 0.49973944762897343 0.2701575532900834 0.18447107868681606 0.05282669138090825
1 0.4989577905158937 0.510194624652456 0.1839499739447629 0.4272474513438369
4 0.5435122459614382 0.7020389249304912 0.06565919749869724 0.025023169601482854
4 0.5122459614382491 0.7553290083410565 0.044815007816571134 0.027803521779425393
4 0.5622720166753518 0.7562557924003707 0.04585721730067743 0.027803521779425393
8 0.45414278269932257 0.3818350324374421 0.03595622720166754 0.018535681186283594
8 0.4546638874413757 0.39990732159406855 0.03595622720166754 0.019462465245597776
8 0.45492443981240227 0.417516218721038 0.03647733194372069 0.017608897126969416
8 0.4546638874413757 0.43605189990732157 0.03699843668577384 0.019462465245597776
8 0.45440333507034913 0.4541241890639481 0.0385617509119333 0.020389249304911955
8 0.4669098488796248 0.4735866543095459 0.06253256904637833 0.020389249304911955
8 0.4525794684731631 0.49258572752548657 0.03282959874934862 0.017608897126969416
8 0.4567483064095883 0.5111214087117701 0.040125065138092754 0.019462465245597776
8 0.4570088587806149 0.5291936978683967 0.039603960396039604 0.018535681186283594
8 0.45648775403856173 0.5477293790546802 0.04064616988014591 0.018535681186283594
8 0.44085461177696716 0.5662650602409639 0.03230849400729546 0.018535681186283594
8 0.4484106305367379 0.5852641334569045 0.03699843668577384 0.017608897126969416
8 0.44684731631057845 0.603336422613531 0.03282959874934862 0.020389249304911955
8 0.4491922876498176 0.6232622798887859 0.02918186555497655 0.019462465245597776
8 0.4525794684731631 0.6431881371640408 0.03595622720166754 0.018535681186283594
8 0.43486190724335594 0.3614457831325301 0.03491401771756123 0.018535681186283594
8 0.4512767066180302 0.34198331788693237 0.03751954142782699 0.016682113067655237
8 0.4533611255862428 0.3243744207599629 0.04585721730067743 0.016682113067655237
8 0.4447628973423658 0.30583873957367935 0.05471599791558103 0.020389249304911955
8 0.5 0.26367006487488415 0.17144346013548722 0.026876737720111215
