0 0.5012820512820513 0.4754807692307692 0.6006410256410256 0.6403846153846153
1 0.4985576923076923 0.1778846153846154 0.5971153846153846 0.041346153846153845
1 0.5033653846153846 0.47283653846153845 0.5958333333333333 0.5658653846153846
1 0.5004807692307692 0.7711538461538462 0.5951923076923077 0.041346153846153845
4 0.23141025641025642 0.21201923076923077 0.041666666666666664 0.026923076923076925
4 0.26330128205128206 0.21033653846153846 0.02467948717948718 0.027403846153846154
4 0.3629807692307692 0.24086538461538462 0.3073717948717949 0.02980769230769231
4 0.5855769230769231 0.2423076923076923 0.1371794871794872 0.026923076923076925
4 0.7217948717948718 0.2423076923076923 0.1371794871794872 0.032692307692307694
4 0.2549679487179487 0.3177884615384615 0.05480769230769231 0.08846153846153847
4 0.3216346153846154 0.321875 0.07275641025641026 0.09663461538461539
4 0.3894230769230769 0.3230769230769231 0.06538461538461539 0.09903846153846153
4 0.46089743589743587 0.32235576923076925 0.060897435897435896 0.09759615384615385
4 0.25721153846153844 0.42235576923076923 0.05737179487179487 0.0985576923076923
4 0.32419871794871796 0.4230769230769231 0.05673076923076923 0.1
4 0.39471153846153845 0.4235576923076923 0.05480769230769231 0.10096153846153846
4 0.46105769230769234 0.42403846153846153 0.05480769230769231 0.1
4 0.25785256410256413 0.525 0.05608974358974359 0.09903846153846153
4 0.3243589743589744 0.5259615384615385 0.06025641025641026 0.09230769230769231
4 0.3943910256410256 0.526201923076923 0.05608974358974359 0.09759615384615385
4 0.46089743589743587 0.5274038461538462 0.05512820512820513 0.09807692307692308
4 0.25801282051282054 0.6293269230769231 0.06153846153846154 0.09615384615384616
4 0.3230769230769231 0.6302884615384615 0.05961538461538462 0.1
4 0.3953525641025641 0.6317307692307692 0.06506410256410257 0.09711538461538462
4 0.46121794871794874 0.6295673076923077 0.06666666666666667 0.09663461538461539
4 0.22003205128205128 0.7314903846153846 0.014423076923076924 0.02451923076923077
7 0.23669871794871794 0.7310096153846154 0.020192307692307693 0.02451923076923077
4 0.21826923076923077 0.7697115384615385 0.021794871794871794 0.03365384615384615
8 0.26875 0.7689903846153846 0.08044871794871795 0.03125
4 0.7073717948717949 0.7663461538461539 0.057692307692307696 0.03365384615384615
4 0.7625 0.7680288461538461 0.05576923076923077 0.03317307692307692
4 0.5629807692307692 0.5867788461538461 0.05608974358974359 0.03317307692307692
4 0.5576923076923077 0.6161057692307692 0.04935897435897436 0.027403846153846154
4 0.6701923076923076 0.3245192307692308 0.1621794871794872 0.02980769230769231
4 0.6346153846153846 0.5149038461538461 0.021153846153846155 0.03076923076923077
4 0.6536858974358974 0.5168269230769231 0.017628205128205128 0.026923076923076925
4 0.6522435897435898 0.46274038461538464 0.05384615384615385 0.026442307692307692
4 0.7145833333333333 0.46274038461538464 0.06634615384615385 0.026442307692307692
4 0.653525641025641 0.4896634615384615 0.05448717948717949 0.027403846153846154
4 0.6594551282051282 0.540625 0.06826923076923076 0.02451923076923077
8 0.642147435897436 0.40240384615384617 0.033012820512820513 0.020192307692307693
8 0.6774038461538462 0.4028846153846154 0.03108974358974359 0.023076923076923078
4 0.6362179487179487 0.37764423076923076 0.017948717948717947 0.02451923076923077
4 0.6522435897435898 0.37716346153846153 0.016025641025641024 0.020673076923076922
4 0.6448717948717949 0.35216346153846156 0.03653846153846154 0.028365384615384615
4 0.7817307692307692 0.175 0.01282051282051282 0.021153846153846155
6 0.36730769230769234 0.4894230769230769 0.3121794871794872 0.4596153846153846
