1 0.500801282051282 0.013701923076923077 0.9971153846153846 0.02548076923076923
0 0.5003205128205128 0.48004807692307694 0.9993589743589744 0.958173076923077
5 0.10480769230769231 0.4932692307692308 0.2064102564102564 0.9423076923076923
1 0.6025641025641025 0.490625 0.7948717948717948 0.9456730769230769
4 0.18958333333333333 0.04951923076923077 0.02980769230769231 0.028846153846153848
4 0.18942307692307692 0.09471153846153846 0.03141025641025641 0.04519230769230769
4 0.026442307692307692 0.14182692307692307 0.028525641025641025 0.04903846153846154
4 0.07660256410256411 0.1449519230769231 0.03076923076923077 0.046634615384615385
4 0.12756410256410255 0.1423076923076923 0.032692307692307694 0.05
4 0.18205128205128204 0.14134615384615384 0.029487179487179487 0.04807692307692308
4 0.0532051282051282 0.19903846153846153 0.09615384615384616 0.0375
4 0.15048076923076922 0.19951923076923078 0.09967948717948719 0.04519230769230769
4 0.020352564102564103 0.24326923076923077 0.03621794871794872 0.02980769230769231
4 0.05064102564102564 0.5627403846153847 0.08974358974358974 0.046634615384615385
4 0.0673076923076923 0.6120192307692308 0.12756410256410255 0.047115384615384615
4 0.08157051282051282 0.6663461538461538 0.1516025641025641 0.04230769230769231
4 0.055288461538461536 0.7197115384615385 0.1016025641025641 0.05096153846153846
4 0.03493589743589744 0.7742788461538461 0.058333333333333334 0.05336538461538461
4 0.05737179487179487 0.8264423076923076 0.10448717948717949 0.047115384615384615
4 0.19631410256410256 0.8860576923076923 0.016346153846153847 0.020192307692307693
4 0.18028846153846154 0.9141826923076923 0.049679487179487176 0.040865384615384616
4 0.9136217948717948 0.06394230769230769 0.029166666666666667 0.047115384615384615
4 0.9463141025641025 0.0641826923076923 0.03365384615384615 0.041826923076923074
4 0.9762820512820513 0.06490384615384616 0.03076923076923077 0.047115384615384615
4 0.6027243589743589 0.3908653846153846 0.0983974358974359 0.047115384615384615
4 0.8059294871794872 0.9132211538461539 0.027884615384615386 0.040865384615384616
4 0.8365384615384616 0.9100961538461538 0.026282051282051282 0.038461538461538464
4 0.8671474358974359 0.9108173076923077 0.029166666666666667 0.04278846153846154
4 0.8982371794871795 0.9088942307692308 0.02980769230769231 0.04278846153846154
4 0.31201923076923077 0.909375 0.022756410256410255 0.03701923076923077
4 0.924198717948718 0.013942307692307693 0.017628205128205128 0.020192307692307693
4 0.9549679487179488 0.010576923076923078 0.016346153846153847 0.019230769230769232
4 0.9839743589743589 0.011057692307692308 0.019230769230769232 0.020192307692307693
